p wcnf 10 87 88
1 -1 -2  4  0
1 -1 -4  9  0
1 -1 -4  7  0
1 -1 -5 -6  0
1  -1  -5 -10   0
1  -1  -8  10   0
1  -1  -9  10   0
1 -1 -9  6  0
1  -1   6  10   0
1  -1 -10   4   0
1 -1 -9  3  0
1 -1 -5  2  0
1 -2 -3  6  0
1 -2 -3  5  0
1  -2  -4 -10   0
1 -2 -6  7  0
1  -2   9  10   0
1 -2  6  9  0
1 -2  5  9  0
1 -2  3  6  0
1 -2  3  4  0
1 -3 -5  6  0
1  -3  -6  10   0
1  -3  -9  10   0
1  -3 -10   8   0
1  -3   7  10   0
1 -3 -8  5  0
1 -3 -5  4  0
1 -4 -6 -9  0
1  -4  -6  10   0
1 -4 -7  9  0
1  -4  -9 -10   0
1  -4 -10   6   0
1 -4  6  7  0
1  -4 -10   5   0
1 -4  5  7  0
1 -4  5  6  0
1  -5  -7 -10   0
1  -6  -7  10   0
1 -6 -7  9  0
1 -6 -8 -9  0
1 -6  7  9  0
1  -7  -9  10   0
1  -8  -9 -10   0
1  -8 -10   6   0
1 -10   6   7   0
1 -6 -7  5  0
1 -8  5  6  0
1 -5 -7  4  0
1 -5 -9  4  0
1  -5 -10   4   0
1 -8 -9  4  0
1   4   8  10   0
1 -9  4  7  0
1 -8  4  6  0
1 -9  4  6  0
1 -4  3  7  0
1 -4  3  6  0
1 -5 -7  3  0
1 -6 -7  3  0
1  -9   3  10   0
1  3  8  9  0
1 -10   3   7   0
1 -3 -6  2  0
1 -3  2  5  0
1  -5 -10   2   0
1  -6   2  10   0
1 -7  2  9  0
1  -8 -10   2   0
1  -8   2  10   0
1  -9 -10   2   0
1  2  7  8  0
1  2  3  9  0
1 -2 -7  1  0
1 -2  1  6  0
1 -3 -5  1  0
1 -4  1  8  0
1 -5 -9  1  0
1 -7  1  9  0
1   1   9  10   0
1   1   8  10   0
1  1  7  9  0
1 -9  1  6  0
1 -5  1  2  0
1 -6  1  2  0
1 -7  1  2  0
1  1  2  9  0
