p wcnf 10 84 85
1 -1 -2  6  0
1 -1 -2  3  0
1 -1 -3  9  0
1 -1 -3  7  0
1 -1 -5 -6  0
1 -1 -6 -8  0
1 -1 -8 -9  0
1  -1   9  10   0
1  -1   4  10   0
1 -1  4  6  0
1 -1 -5  3  0
1  -2  -3 -10   0
1 -2 -3  5  0
1  -2  -5 -10   0
1 -2 -5  6  0
1  -2  -6  10   0
1 -2 -7 -9  0
1  -2  -7 -10   0
1  -2 -10   9   0
1 -2  8  9  0
1 -2  6  8  0
1 -2  6  7  0
1 -2 -6  5  0
1  -2 -10   4   0
1 -3 -4 -7  0
1 -3 -4 -8  0
1  -3  -4  10   0
1 -3 -4  6  0
1 -3 -5  7  0
1 -3 -7 -8  0
1 -3 -7  9  0
1  -3 -10   6   0
1 -3  4  9  0
1 -4 -5 -6  0
1 -4 -5 -9  0
1 -4 -8  9  0
1  -5  -9  10   0
1 -5 -8  7  0
1  -5   7  10   0
1 -5  7  8  0
1  -5 -10   6   0
1  -6   9  10   0
1 -6  7  8  0
1 -7 -9  8  0
1 -9  7  8  0
1 -10   7   8   0
1  -7 -10   6   0
1 -10   6   8   0
1 -10   5   9   0
1 -9  5  6  0
1 -5 -8  4  0
1 -5 -9  4  0
1  4  7  9  0
1  4  5  7  0
1 -4  3  7  0
1  -8 -10   3   0
1  3  6  9  0
1  3  6  8  0
1 -6  3  4  0
1  3  4  6  0
1 -3 -7  2  0
1 -3  2  8  0
1 -5 -6  2  0
1 -5 -9  2  0
1  -5 -10   2   0
1 -6 -8  2  0
1 -7 -9  2  0
1 -7  2  8  0
1  2  8  9  0
1 -2 -5  1  0
1 -2  1  7  0
1 -2  1  3  0
1 -4 -6  1  0
1 -4  1  8  0
1 -4  1  7  0
1  -8 -10   1   0
1   1   6  10   0
1 -8  1  5  0
1  1  5  8  0
1  1  5  6  0
1  1  4  9  0
1  1  4  6  0
1   1   3  10   0
1  1  3  6  0
