p wcnf 10 87 88
1 -1 -2 -7  0
1 -1 -2  6  0
1 -1 -2  5  0
1 -1 -3 -5  0
1  -1  -5  10   0
1 -1 -6  8  0
1 -1 -9  8  0
1 -1 -8  6  0
1 -1  6  8  0
1 -1 -7  5  0
1  -1   5  10   0
1 -1  5  9  0
1 -1 -5  4  0
1 -1 -6  4  0
1 -1  4  9  0
1 -1  4  5  0
1 -1  2  7  0
1 -2 -3 -5  0
1 -2 -3  7  0
1 -2 -4  8  0
1 -2 -5 -6  0
1 -2 -5 -7  0
1 -2 -6 -7  0
1  -2  -7 -10   0
1  -2  -9 -10   0
1 -2 -9  6  0
1 -2 -6  5  0
1  -2   5  10   0
1 -2  5  9  0
1 -2 -8  4  0
1 -2  4  8  0
1 -3 -4 -5  0
1 -3 -4 -6  0
1 -3 -4 -7  0
1  -3  -4  10   0
1 -3 -5 -8  0
1  -3  -6  10   0
1  -3 -10   7   0
1 -4 -5  8  0
1 -4  7  9  0
1 -4 -7  5  0
1 -5 -7  8  0
1  -5   7  10   0
1  -7  -9 -10   0
1  -8  -9 -10   0
1 -8 -9  7  0
1   7   9  10   0
1   7   8  10   0
1  -7   6  10   0
1 -8 -9  6  0
1 -8  6  9  0
1   6   8  10   0
1 -10   6   7   0
1 -10   5   9   0
1 -10   5   7   0
1 -5  4  9  0
1  -6 -10   4   0
1  -9   4  10   0
1 -9  4  8  0
1   4   5  10   0
1 -5  3  7  0
1 -6  3  8  0
1 -7  3  8  0
1   3   8  10   0
1 -9  3  5  0
1   3   5  10   0
1 -3 -6  2  0
1 -3  2  9  0
1 -6  2  8  0
1  -7 -10   2   0
1  2  5  6  0
1 -5  2  4  0
1  2  3  5  0
1 -2 -9  1  0
1 -2  1  8  0
1 -2  1  5  0
1 -4  1  6  0
1 -5 -6  1  0
1 -5  1  6  0
1  -6 -10   1   0
1  1  6  8  0
1  1  6  7  0
1 -6  1  5  0
1  1  5  7  0
1 -5  1  4  0
1 -6  1  4  0
1  1  4  5  0
