p wcnf 10 83 84
1 -1 -5 -8  0
1  -1   9  10   0
1  -1   7  10   0
1 -1 -6  5  0
1 -1 -7  5  0
1 -1 -9  5  0
1 -1  5  9  0
1 -1  4  6  0
1 -1 -8  3  0
1 -2 -3 -4  0
1 -2 -3  7  0
1 -2 -4 -8  0
1 -2 -5  8  0
1 -2 -5  6  0
1  -2  -6 -10   0
1  -2  -6  10   0
1 -2 -6  8  0
1 -2 -7 -8  0
1  -2  -8  10   0
1  -2   7  10   0
1 -2 -9  6  0
1  -2 -10   4   0
1 -3 -4 -5  0
1 -3 -5 -6  0
1 -3 -5 -7  0
1  -3  -6  10   0
1  -3  -9 -10   0
1  -3  -9  10   0
1 -3  6  9  0
1 -3 -9  5  0
1 -3 -5  4  0
1  -4 -10   8   0
1 -4 -8  7  0
1  -4 -10   6   0
1  -5  -9 -10   0
1 -5 -9  6  0
1  -5 -10   6   0
1 -5  6  7  0
1 -6 -7 -9  0
1 -6 -9  7  0
1  -6   7  10   0
1  -7  -8 -10   0
1  -9   6  10   0
1 -10   6   9   0
1 -6 -7  5  0
1 -6  5  8  0
1  -8 -10   5   0
1  5  6  7  0
1  -8 -10   4   0
1  -9   4  10   0
1 -10   4   9   0
1 -8  4  7  0
1   4   7  10   0
1 -8  4  6  0
1  4  6  8  0
1  -4   3  10   0
1 -5 -9  3  0
1 -5  3  8  0
1 -6  3  9  0
1 -7  3  8  0
1 -6  3  5  0
1 -7  3  4  0
1   3   4  10   0
1  -5 -10   2   0
1  2  7  8  0
1  2  5  9  0
1 -10   2   4   0
1  2  4  8  0
1 -2 -9  1  0
1 -2  1  9  0
1 -3  1  7  0
1 -4 -6  1  0
1 -5  1  9  0
1  -6 -10   1   0
1 -7  1  9  0
1 -7  1  8  0
1 -10   1   7   0
1 -9  1  5  0
1  1  5  7  0
1 -7  1  4  0
1   1   3  10   0
1  1  3  4  0
1 -8  1  2  0
