p wcnf 10 87 88
1  -1  -2 -10   0
1 -1 -2  8  0
1 -1 -2  7  0
1 -1 -3 -6  0
1 -1 -3  8  0
1  -1  -4 -10   0
1 -1 -5 -6  0
1 -1 -5 -7  0
1  -1   6  10   0
1 -1 -5  3  0
1 -1 -5  2  0
1 -1  2  8  0
1 -1  2  5  0
1 -1  2  4  0
1 -2 -3 -8  0
1 -2 -3  7  0
1  -2  -5  10   0
1  -2  -7 -10   0
1  -2  -9  10   0
1 -2  6  9  0
1 -2 -8  5  0
1 -2  5  7  0
1 -2 -6  3  0
1 -3 -4 -5  0
1 -3 -6  9  0
1  -3   7  10   0
1 -3 -7  6  0
1 -3 -8  4  0
1 -4 -5 -8  0
1 -4 -5  8  0
1 -5 -6 -7  0
1  -5  -7  10   0
1  -5  -8  10   0
1  -5 -10   8   0
1  -6 -10   8   0
1  -6   8  10   0
1  -7   9  10   0
1  -9 -10   8   0
1  -9   7  10   0
1 -10   7   8   0
1  -7 -10   6   0
1  6  7  8  0
1  -7 -10   5   0
1 -8  5  9  0
1  -9 -10   5   0
1  5  6  8  0
1 -5 -7  4  0
1 -5  4  8  0
1 -7 -8  4  0
1  -8 -10   4   0
1   4   7  10   0
1 -7  4  6  0
1 -4  3  5  0
1 -5 -9  3  0
1 -5  3  6  0
1 -6  3  7  0
1 -8  3  4  0
1  3  4  7  0
1  3  4  6  0
1  3  4  5  0
1 -5  2  7  0
1 -6 -9  2  0
1  -6   2  10   0
1 -9  2  8  0
1 -10   2   5   0
1   2   5  10   0
1  2  5  9  0
1 -5  2  4  0
1  2  4  8  0
1 -2 -3  1  0
1 -3 -4  1  0
1 -3 -7  1  0
1  -5   1  10   0
1 -5  1  9  0
1 -10   1   9   0
1 -8  1  7  0
1 -10   1   7   0
1 -5  1  4  0
1 -6  1  4  0
1 -7  1  4  0
1   1   4  10   0
1   1   3  10   0
1  1  3  4  0
1 -4  1  2  0
1 -9  1  2  0
1  1  2  8  0
1  1  2  4  0
