p wcnf 10 89 90
1 -1 -2 -3  0
1 -1 -2 -5  0
1 -1 -2 -8  0
1 -1 -2  7  0
1 -1 -3  9  0
1 -1 -3  6  0
1  -1  -4 -10   0
1 -1 -6 -8  0
1 -1 -7 -8  0
1  -1   9  10   0
1 -1  7  8  0
1 -1 -6  5  0
1 -1  5  6  0
1 -1 -9  4  0
1 -1  4  5  0
1 -1  3  9  0
1 -1  3  7  0
1 -1 -3  2  0
1  -1   2  10   0
1 -1  2  6  0
1 -2 -3  7  0
1 -2 -3  4  0
1 -2 -4 -6  0
1 -2 -4 -8  0
1 -2 -7  8  0
1  -2 -10   9   0
1 -2 -9  8  0
1 -2 -7  6  0
1 -2  5  8  0
1 -2 -5  4  0
1 -2 -8  4  0
1 -2  4  7  0
1 -3 -7  6  0
1  -3 -10   5   0
1 -3  5  9  0
1 -3  5  6  0
1 -3 -5  4  0
1  -4  -6  10   0
1 -4 -6  8  0
1 -4 -7 -9  0
1  -4 -10   9   0
1 -4 -7  6  0
1 -4  6  8  0
1 -4  5  7  0
1 -5 -6 -9  0
1 -5  8  9  0
1  -6  -7  10   0
1  -7   9  10   0
1  -8   9  10   0
1  -9   8  10   0
1 -10   8   9   0
1 -7  6  8  0
1  -8 -10   6   0
1 -10   6   9   0
1 -9  6  7  0
1 -6  5  9  0
1 -9  5  6  0
1 -5 -9  4  0
1 -10   4   8   0
1  4  6  7  0
1 -8  4  5  0
1 -10   4   5   0
1   3   9  10   0
1 -9  3  8  0
1 -10   3   8   0
1 -10   3   6   0
1  3  4  6  0
1 -3  2  8  0
1 -10   2   9   0
1 -10   2   5   0
1  2  5  9  0
1 -2  1  3  0
1  -3   1  10   0
1 -4  1  5  0
1  -5   1  10   0
1 -5  1  6  0
1  -6 -10   1   0
1  -6   1  10   0
1 -6  1  9  0
1 -7 -8  1  0
1  -8   1  10   0
1 -10   1   9   0
1   1   9  10   0
1 -9  1  7  0
1  1  7  8  0
1 -8  1  5  0
1 -9  1  5  0
1 -5  1  3  0
1 -7  1  3  0
