p wcnf 10 86 87
1 -1 -3 -9  0
1 -1 -3  8  0
1 -1 -4 -8  0
1 -1 -4  7  0
1  -1  -7 -10   0
1  -1  -9  10   0
1  -1   9  10   0
1 -1 -9  8  0
1 -1  7  8  0
1  -1 -10   6   0
1 -1 -5  4  0
1 -1 -7  4  0
1 -1 -8  4  0
1 -1  2  5  0
1 -2 -3 -7  0
1 -2 -4 -8  0
1 -2 -5 -9  0
1  -2  -6 -10   0
1  -2  -6  10   0
1  -2 -10   7   0
1 -2 -7  5  0
1  -2   5  10   0
1 -2  5  8  0
1 -2 -8  4  0
1  -2 -10   3   0
1 -3 -4 -6  0
1 -3 -5 -9  0
1 -3 -6  8  0
1  -3  -7  10   0
1  -3 -10   8   0
1 -3  8  9  0
1  -3   5  10   0
1 -4 -5 -8  0
1  -4  -6  10   0
1 -4 -7 -8  0
1  -4  -8  10   0
1  -4  -9 -10   0
1 -4  6  9  0
1  -5  -6  10   0
1  -5   9  10   0
1 -5  7  9  0
1 -5  6  8  0
1 -6 -7  9  0
1 -6 -8 -9  0
1 -6 -9  8  0
1  -6   8  10   0
1 -6  7  9  0
1  -7  -8  10   0
1  -8 -10   6   0
1 -9  6  8  0
1 -10   6   8   0
1   6   7  10   0
1 -7  5  8  0
1   5   9  10   0
1 -4  3  8  0
1  -7 -10   3   0
1 -7  3  8  0
1 -8 -9  3  0
1   3   9  10   0
1 -7  3  6  0
1  3  4  6  0
1 -3 -8  2  0
1 -3  2  7  0
1 -3  2  5  0
1 -4  2  9  0
1 -5 -9  2  0
1 -5  2  9  0
1  2  7  8  0
1  2  5  6  0
1  2  4  8  0
1  2  4  5  0
1 -10   2   3   0
1  2  3  9  0
1 -2 -8  1  0
1 -2  1  8  0
1  -4   1  10   0
1 -4  1  7  0
1 -6 -8  1  0
1  -6 -10   1   0
1 -6  1  8  0
1 -6  1  7  0
1  -7 -10   1   0
1   1   9  10   0
1 -10   1   7   0
1 -6  1  3  0
1  1  2  9  0
