p wcnf 10 118 119
1 -1 -2 -3 -4  0
1 -1 -2 -6 -7  0
1 -1 -2 -6  8  0
1  -1  -2 -10   7   0
1 -1 -2 -9  6  0
1 -1 -2 -5  3  0
1 -1 -3 -4 -7  0
1 -1 -3 -5  9  0
1  -1  -3  -7 -10   0
1 -1 -3 -8  6  0
1 -1 -3  5  7  0
1 -1 -3  4  6  0
1 -1 -3  4  5  0
1 -1 -4 -8  9  0
1 -1 -5 -6 -8  0
1  -1  -5 -10   8   0
1  -1  -7   9  10   0
1  -1 -10   7   9   0
1  -1   5   8  10   0
1 -1 -8 -9  4  0
1  -1  -4   3  10   0
1  -1  -7 -10   3   0
1 -1  3  4  9  0
1 -1 -3 -7  2  0
1 -2 -3 -8 -9  0
1  -2  -3  -8  10   0
1  -2  -3   9  10   0
1 -2 -3  6  9  0
1 -2 -3  5  9  0
1 -2 -3  5  8  0
1 -2 -4 -8 -9  0
1 -2 -4  6  7  0
1 -2 -5 -6  7  0
1 -2 -6 -7  8  0
1  -2  -6   8  10   0
1  -2   7   8  10   0
1 -2 -7  6  8  0
1  -2 -10   6   7   0
1 -2  6  7  9  0
1 -2 -6  5  7  0
1 -2  5  8  9  0
1 -2 -6 -7  4  0
1  -2 -10   3   7   0
1  -2 -10   3   6   0
1 -3 -7 -8 -9  0
1 -3 -8  7  9  0
1 -3 -6  5  8  0
1 -3  5  7  9  0
1  -3   4   6  10   0
1  -4  -5   8  10   0
1 -4 -6  7  9  0
1 -4 -8  7  9  0
1 -4 -6  5  8  0
1 -4 -9  5  6  0
1  -5  -7 -10   9   0
1 -5  6  8  9  0
1 -5  6  7  9  0
1  -6 -10   7   8   0
1  -8   6   7  10   0
1  -7   5   9  10   0
1 -7 -9  5  8  0
1  -5 -10   4   7   0
1 -5 -9  4  6  0
1 -6 -7  4  8  0
1  -6 -10   4   8   0
1  -6 -10   4   7   0
1 -10   4   7   8   0
1 -4 -5  3  9  0
1  -4  -7   3  10   0
1 -4 -8  3  7  0
1 -5 -6 -9  3  0
1 -5 -6  3  9  0
1  -6  -7   3  10   0
1 -7 -8 -9  3  0
1  -9   3   7  10   0
1   3   5   8  10   0
1  -5 -10   3   4   0
1  -6 -10   3   4   0
1 -6  3  4  9  0
1 -10   3   4   9   0
1 -3 -8  2  9  0
1 -3 -7  2  6  0
1  -3   2   6  10   0
1 -4 -5  2  8  0
1 -4 -7  2  8  0
1  -4   2   8  10   0
1 -5 -6 -7  2  0
1  -6   2   9  10   0
1  -7  -9   2  10   0
1  -9 -10   2   7   0
1  -6   2   4  10   0
1 -6  2  4  9  0
1  2  4  6  7  0
1  -6   2   3  10   0
1 -5  2  3  4  0
1 -2 -4 -9  1  0
1  -2  -4 -10   1   0
1 -2  1  3  4  0
1 -3 -7 -8  1  0
1  -3  -9   1  10   0
1  -3 -10   1   6   0
1 -4 -5 -6  1  0
1 -5  1  7  9  0
1  -6  -7 -10   1   0
1  -6  -8 -10   1   0
1  -6 -10   1   8   0
1 -7  1  8  9  0
1 -7 -9  1  4  0
1  1  4  5  6  0
1 -5 -7  1  3  0
1 -8  1  3  6  0
1  1  3  5  8  0
1  -3 -10   1   2   0
1 -8  1  2  9  0
1 -8  1  2  7  0
1  1  2  6  7  0
1  1  2  5  6  0
1  1  2  4  8  0
