p wcnf 10 117 118
1 -1 -2  6  8  0
1 -1 -3 -5  8  0
1  -1  -3  -6 -10   0
1  -1  -3  -9 -10   0
1 -1 -3  7  8  0
1 -1 -4 -8  6  0
1 -1 -4 -8  5  0
1 -1 -5 -6  8  0
1 -1 -5 -8 -9  0
1  -1  -5   9  10   0
1 -1 -5 -9  6  0
1 -1 -6 -8  9  0
1 -1  6  7  9  0
1 -1  5  6  7  0
1 -1 -6 -8  4  0
1  -1 -10   3   6   0
1 -1 -3 -8  2  0
1  -1   2   4  10   0
1 -1 -5  2  3  0
1  -1 -10   2   3   0
1 -2 -3 -6 -9  0
1  -2  -3  -9 -10   0
1 -2 -3 -8  5  0
1 -2 -4 -5  9  0
1 -2 -4 -8  5  0
1 -2 -4  5  8  0
1  -2  -6  -8  10   0
1  -2  -7 -10   8   0
1  -2  -7   8  10   0
1  -2  -9   6  10   0
1  -2   6   9  10   0
1 -2 -7 -9  5  0
1 -2 -7  5  6  0
1 -2 -6  4  9  0
1 -2  4  6  8  0
1 -2 -7  3  9  0
1 -2  3  6  7  0
1  -3  -4  -9 -10   0
1  -3  -4  -9  10   0
1 -3 -4 -9  7  0
1 -3 -5  6  9  0
1 -3 -6 -7  8  0
1 -3 -6 -8  9  0
1 -3 -7  8  9  0
1  -3  -9   8  10   0
1 -3 -8 -9  5  0
1  -3   5   6  10   0
1 -3 -8  4  5  0
1 -4 -5  8  9  0
1  -4  -6  -9  10   0
1  -4  -8   9  10   0
1  -4  -7   5  10   0
1  -5  -6  -8 -10   0
1  -5   7   9  10   0
1  -5  -8 -10   6   0
1  -8  -9 -10   6   0
1  -6  -7   5  10   0
1   5   6   9  10   0
1  -6 -10   4   8   0
1  -7   4   9  10   0
1  4  6  7  9  0
1 -7  4  5  8  0
1 -8  4  5  7  0
1 -4 -6 -9  3  0
1  -4  -6 -10   3   0
1  -4  -8   3  10   0
1 -4 -9  3  5  0
1  -4   3   5  10   0
1  -5  -6 -10   3   0
1 -5 -9  3  7  0
1  -6 -10   3   8   0
1  -7  -8   3  10   0
1  -9   3   8  10   0
1   3   7   9  10   0
1 -7  3  5  6  0
1 -6 -8  3  4  0
1  3  4  7  8  0
1   3   4   6  10   0
1 -3 -7  2  5  0
1 -4 -5 -7  2  0
1 -4 -5 -8  2  0
1 -4 -6 -8  2  0
1  -4  -9   2  10   0
1 -4 -8  2  6  0
1 -5 -9  2  7  0
1  -6  -8   2  10   0
1  -7 -10   2   8   0
1  -8 -10   2   7   0
1 -8  2  6  9  0
1 -9  2  6  8  0
1 -10   2   6   7   0
1  2  6  7  9  0
1 -10   2   5   6   0
1  2  5  6  8  0
1  2  5  6  7  0
1 -9  2  4  7  0
1 -10   2   4   5   0
1  2  3  4  6  0
1 -2 -8 -9  1  0
1 -3 -4  1  8  0
1 -3 -5  1  8  0
1  -3  -6 -10   1   0
1  -3  -9   1  10   0
1  -3 -10   1   8   0
1 -4  1  5  8  0
1  -5  -9   1  10   0
1  -7 -10   1   9   0
1  -8  -9 -10   1   0
1 -5 -7  1  4  0
1   1   4   5  10   0
1 -4  1  3  9  0
1  -5 -10   1   3   0
1 -9  1  3  6  0
1  1  3  6  7  0
1 -3 -8  1  2  0
1  -8   1   2  10   0
1  1  2  4  6  0
