p wcnf 10 119 120
1 -1 -2 -3 -8  0
1  -1  -2  -5 -10   0
1  -1  -2  -6  10   0
1 -1 -2  7  9  0
1 -1 -2 -5  4  0
1 -1 -2  3  8  0
1 -1 -3 -5 -9  0
1  -1  -3  -7  10   0
1 -1 -3  8  9  0
1 -1 -3  4  6  0
1 -1 -4 -7 -8  0
1 -1 -4 -9  6  0
1 -1 -5  8  9  0
1 -1 -5  6  7  0
1 -1 -7  6  9  0
1 -1 -9  6  8  0
1 -1  5  7  9  0
1 -1 -5 -6  4  0
1 -1 -6 -7  4  0
1  -1  -8   4  10   0
1  -1   4   5  10   0
1 -1  3  5  6  0
1 -1 -8  3  4  0
1 -1  3  4  7  0
1  -1   2   8  10   0
1 -1  2  7  9  0
1  -2  -3  -5 -10   0
1 -2 -3  8  9  0
1  -2  -3   7  10   0
1 -2 -4 -5 -7  0
1 -2 -4  7  8  0
1 -2 -5  6  7  0
1 -2 -6  5  7  0
1 -2 -7 -9  5  0
1 -2 -7  5  8  0
1 -2 -7  4  8  0
1  -2 -10   4   7   0
1 -2 -8  4  6  0
1  -2 -10   4   6   0
1 -2 -6  3  7  0
1 -2 -7  3  9  0
1 -2 -8  3  9  0
1 -3 -4 -9  6  0
1  -3  -4   6  10   0
1 -3 -4  6  9  0
1  -3  -5  -6 -10   0
1 -3 -5 -7  8  0
1  -3  -5  -8 -10   0
1  -3  -6  -8 -10   0
1  -3  -9 -10   8   0
1  -3  -9   7  10   0
1  -3   6   8  10   0
1  -3 -10   6   7   0
1  -3  -6 -10   5   0
1 -3 -8 -9  4  0
1 -3  4  7  8  0
1 -3  4  5  8  0
1 -4 -5 -7  6  0
1  -4  -8 -10   9   0
1  -4  -8 -10   7   0
1  -4  -7 -10   6   0
1 -4 -6  5  8  0
1  -4  -9   5  10   0
1  -5  -8 -10   6   0
1  -6  -8 -10   5   0
1  -6   5   7  10   0
1  -7  -8 -10   5   0
1 -7 -9  5  6  0
1 -7  5  6  8  0
1  5  6  7  9  0
1  -6  -8 -10   4   0
1 -7 -8 -9  4  0
1 -8  4  5  6  0
1 -4 -5  3  9  0
1 -4 -7 -9  3  0
1  -5  -7 -10   3   0
1 -5 -9  3  8  0
1 -5  3  8  9  0
1  -6  -9   3  10   0
1  -6   3   9  10   0
1  -7   3   9  10   0
1 -9  3  7  8  0
1  3  6  7  9  0
1 -6  3  5  8  0
1  -7 -10   3   4   0
1 -9  3  4  8  0
1  -3  -5 -10   2   0
1  -4  -5   2  10   0
1  -4   2   7  10   0
1 -5 -8  2  9  0
1  -5  -9 -10   2   0
1 -6 -7 -9  2  0
1  -6   2   9  10   0
1 -9  2  7  8  0
1 -7 -8  2  5  0
1  2  5  7  8  0
1  2  4  6  7  0
1  -2  -4 -10   1   0
1 -2 -7  1  9  0
1 -2 -7  1  4  0
1 -3 -6 -8  1  0
1 -3  1  7  9  0
1 -4  1  7  8  0
1  -6  -9   1  10   0
1 -6  1  7  9  0
1  -9 -10   1   8   0
1  -8   1   6  10   0
1  -8   1   5  10   0
1   1   5   7  10   0
1  -7 -10   1   4   0
1 -10   1   4   9   0
1  1  4  6  8  0
1 -4  1  3  5  0
1  -6 -10   1   3   0
1  1  3  7  9  0
1  1  3  5  7  0
1 -5  1  2  6  0
1 -6 -7  1  2  0
1  1  2  4  8  0
