p wcnf 10 119 120
1 -1 -2 -6  9  0
1  -1  -2   5  10   0
1 -1 -3  6  9  0
1 -1 -3  6  8  0
1 -1 -3 -8  4  0
1 -1 -4 -6  9  0
1 -1 -4 -7  5  0
1 -1 -5 -8 -9  0
1  -1  -5  -8 -10   0
1  -1  -5   8  10   0
1 -1 -6  8  9  0
1  -1  -8  -9  10   0
1 -1 -9  6  8  0
1 -1 -8  6  7  0
1  -1   5   7  10   0
1 -1 -5 -9  4  0
1  -1 -10   3   5   0
1  -1  -3 -10   2   0
1 -1 -3  2  8  0
1  -1   2   5  10   0
1 -1  2  5  6  0
1 -2 -3 -6  8  0
1 -2 -3 -8  9  0
1  -2  -3 -10   6   0
1 -2 -3 -7  5  0
1 -2 -3 -7  4  0
1 -2 -3  4  5  0
1  -2  -4  -6 -10   0
1  -2  -4   8  10   0
1  -2  -4 -10   7   0
1 -2 -5 -9  7  0
1 -2 -7 -9  8  0
1 -2 -9  7  8  0
1  -2  -8   5  10   0
1 -2 -4 -7  3  0
1 -2 -4  3  5  0
1 -2 -5  3  7  0
1 -2 -6 -9  3  0
1 -2 -9  3  7  0
1 -3 -4 -6 -9  0
1 -3 -4 -6  9  0
1  -3  -7  -8  10   0
1  -3 -10   7   8   0
1  -3   6   9  10   0
1  -3  -8 -10   5   0
1  -3 -10   5   6   0
1 -3 -5 -6  4  0
1 -3 -7 -9  4  0
1 -3 -7  4  8  0
1 -3  4  5  8  0
1 -4 -5 -9  8  0
1  -4 -10   6   9   0
1 -4  6  8  9  0
1 -4 -6 -8  5  0
1  -4  -6 -10   5   0
1 -4 -6  5  7  0
1 -4 -7  5  8  0
1  -5  -6  -7  10   0
1  -5  -7  -8 -10   0
1  -5  -7   8  10   0
1  -6  -7  -8 -10   0
1  -6  -7   8  10   0
1  -6  -8  -9  10   0
1  -6  -9   8  10   0
1 -6  5  8  9  0
1 -9  5  6  8  0
1 -5 -8  4  7  0
1  -6  -7   4  10   0
1 -6 -8  4  7  0
1 -10   4   5   8   0
1 -4 -9  3  8  0
1 -5 -7 -9  3  0
1 -5 -8  3  7  0
1 -5  3  6  9  0
1 -6 -8  3  9  0
1  -7  -9 -10   3   0
1  -7   3   8  10   0
1  -8  -9   3  10   0
1 -3 -6 -8  2  0
1  -3 -10   2   5   0
1 -4 -5 -6  2  0
1 -4 -5  2  9  0
1 -4 -7 -8  2  0
1 -5 -6  2  9  0
1 -5 -6  2  7  0
1 -8  2  7  9  0
1  -7 -10   2   6   0
1 -10   2   6   7   0
1   2   5   8  10   0
1  2  5  7  8  0
1 -6  2  4  9  0
1 -8 -9  2  4  0
1  -8 -10   2   4   0
1 -5 -7  2  3  0
1  -7 -10   2   3   0
1 -9  2  3  8  0
1 -6  2  3  4  0
1 -2  1  4  9  0
1 -3 -4 -8  1  0
1  -3  -4   1  10   0
1  -3  -8 -10   1   0
1  -3   1   5  10   0
1 -4 -7  1  8  0
1  -4   1   8  10   0
1 -4  1  7  9  0
1 -4  1  6  7  0
1  -5  -6   1  10   0
1 -7 -8  1  9  0
1  -7 -10   1   9   0
1  -8 -10   1   7   0
1 -5 -6  1  3  0
1 -7 -8  1  3  0
1 -7  1  3  8  0
1 -9  1  3  7  0
1  1  3  6  9  0
1  -5   1   2  10   0
1  -8   1   2  10   0
1 -10   1   2   9   0
1  1  2  5  9  0
