p wcnf 15 134 135
1 -1 -2  7  0
1  -1  -5 -13   0
1 -1 -6  7  0
1  -1  -7 -11   0
1 -1 -8 -9  0
1  -1  -8  10   0
1  -1   8  11   0
1  -1   6  10   0
1 -1 -5  4  0
1 -1 -9  4  0
1  -1   4  12   0
1  -1   3  11   0
1 -1  3  9  0
1  -1 -14   2   0
1  -2  -4 -14   0
1 -2 -5  6  0
1  -2  -6 -11   0
1  -2  -6  13   0
1  -2  10  11   0
1  -2 -14   8   0
1  -2 -14   7   0
1  -2   7  11   0
1  -2   6  10   0
1 -2  5  7  0
1 -2  4  8  0
1  -3  -4  14   0
1  -3  -8  11   0
1  -3 -12  15   0
1 -3 -9  7  0
1  -3   7  15   0
1  -3   7  12   0
1  -4  14  15   0
1  -4   7  10   0
1 -4  6  7  0
1  -5  -6  15   0
1 -5 -6  8  0
1 -5 -8 -9  0
1  -5  -9 -10   0
1  -5  11  12   0
1  -5 -11   9   0
1  -5   8  15   0
1 -5 -9  7  0
1  -5   7  12   0
1  -5 -15   6   0
1  -6  -8  10   0
1  -6 -10 -11   0
1  -6 -11 -13   0
1  -6  11  14   0
1  -6   8  10   0
1  -7 -15  12   0
1  -7 -12  11   0
1  -7   8  14   0
1  -7   8  10   0
1  -8  -9  12   0
1  -8 -10 -11   0
1  -8 -15  11   0
1  -8 -12  10   0
1  -8  10  13   0
1  -8 -10   9   0
1 -10 -12  14   0
1 -10  13  14   0
1 -10 -12  11   0
1 -11 -12 -13   0
1 -11 -15  13   0
1 -11  13  14   0
1 -12  11  14   0
1 -11  10  15   0
1 -11  10  13   0
1 -15  10  13   0
1  10  11  14   0
1 -12   9  14   0
1 -11   9  10   0
1  -9 -12   8   0
1   8  12  13   0
1 -11   7  15   0
1 -13 -14   7   0
1 -15   7  13   0
1 -14   7  10   0
1 -15   7   9   0
1 -14   7   8   0
1   7   8  12   0
1   6   8  14   0
1  -7 -14   5   0
1 -10   5  13   0
1 -10   5  11   0
1 -12   5  13   0
1 -15   5   8   0
1  -5   4  14   0
1  -8   4  10   0
1 -11   4  13   0
1 -13 -14   4   0
1 -14   4  13   0
1   4  11  13   0
1 -15   4   5   0
1  4  5  8  0
1  -4 -15   3   0
1  -4   3  15   0
1  -5   3  14   0
1  -7   3  14   0
1  -7   3  12   0
1  -8 -12   3   0
1   3   9  14   0
1 -14   3   8   0
1   3   7  15   0
1 -8  3  6  0
1 -11   3   6   0
1  3  4  8  0
1  -3 -10   2   0
1  -4   2  15   0
1 -4  2  6  0
1  -5   2  11   0
1  -6   2  13   0
1 -11 -12   2   0
1 -15   2  12   0
1 -11   2  10   0
1 -8  2  7  0
1 -12   2   7   0
1   2   3  14   0
1   2   3  10   0
1  -2   1  13   0
1  -2   1  11   0
1 -2  1  7  0
1 -2  1  5  0
1  -7   1  13   0
1 -12   1  13   0
1   1   9  13   0
1   1   9  12   0
1  1  8  9  0
1 -13   1   7   0
1 -7  1  6  0
1   1   6  13   0
1   1   5  13   0
1   1   4  13   0
1 -13   1   2   0
