p wcnf 15 130 131
1 -1 -2 -8  0
1 -1 -4 -9  0
1  -1  -6 -11   0
1 -1 -6  9  0
1 -1 -8 -9  0
1  -1   9  11   0
1  -1 -13   8   0
1  -1   8  15   0
1 -1 -8  7  0
1  -1   6  10   0
1 -1 -7  5  0
1  -1   5  13   0
1 -1  3  6  0
1  -2  -3 -11   0
1 -2 -3  9  0
1  -2  -7 -10   0
1  -2 -11  10   0
1  -2   9  15   0
1  -2   8  11   0
1  -2 -10   5   0
1  -2   4  11   0
1 -3 -4 -9  0
1 -3 -5 -8  0
1  -3  -5  13   0
1  -3  -6  13   0
1  -3  -6  12   0
1 -3 -6  9  0
1  -3  -7  11   0
1  -3  -8 -11   0
1  -3  -8 -14   0
1  -3  12  15   0
1  -3  11  14   0
1  -3   8  12   0
1  -3 -10   5   0
1 -4 -6 -8  0
1  -4  -7 -11   0
1  -4  -9 -14   0
1  -4 -11 -13   0
1  -4 -11 -15   0
1  -4 -15  10   0
1  -4  10  11   0
1  -4 -13   9   0
1 -4 -9  6  0
1  -4   6  14   0
1  -5  -6  15   0
1  -5 -10 -13   0
1  -5 -12 -13   0
1  -5 -15  12   0
1  -5  10  14   0
1  -5   8  14   0
1 -5  7  8  0
1  -5 -13   6   0
1 -5  6  7  0
1  -6  -9 -11   0
1  -6  -9 -14   0
1  -6 -10  13   0
1  -6 -12 -15   0
1 -6  7  8  0
1  -7 -13 -15   0
1  -7  14  15   0
1  -8  -9 -14   0
1  -8  -9  11   0
1  -8 -15  10   0
1  -8   9  15   0
1  -9 -13  15   0
1  -9  11  15   0
1  -9  10  11   0
1 -10 -13 -15   0
1 -10 -14  13   0
1 -10 -13  11   0
1 -10  11  13   0
1 -11 -12 -14   0
1 -11 -13 -15   0
1 -11  12  13   0
1 -12 -13 -15   0
1  11  14  15   0
1 -15  11  13   0
1 -14  10  12   0
1 -10 -15   9   0
1   9  11  15   0
1 -12 -14   8   0
1   8  12  15   0
1 -10 -15   7   0
1 -10   7  12   0
1 -11   7  15   0
1 -15   7  13   0
1   6  11  12   0
1 -14   6   7   0
1   6   7  12   0
1 -14   5  13   0
1 -13   5  11   0
1   5   8  15   0
1   5   7  11   0
1  5  7  8  0
1 -11   4  14   0
1 -14 -15   4   0
1   4  12  13   0
1   4   9  12   0
1 -12   4   8   0
1   4   7  11   0
1   4   5  12   0
1  -7   3  11   0
1 -11   3  12   0
1 -13   3  15   0
1 -15   3  12   0
1 -13   3   9   0
1   3   7  13   0
1  3  4  6  0
1 -4  2  9  0
1  -7 -11   2   0
1 -8 -9  2  0
1  -8   2  12   0
1  -8   2  11   0
1 -15   2  13   0
1 -13   2  10   0
1   2   8  10   0
1   2   7  12   0
1 -7  2  4  0
1   2   4  14   0
1  -2   1  14   0
1 -3 -4  1  0
1 -3 -5  1  0
1 -6 -8  1  0
1 -14   1  11   0
1 -13   1  10   0
1 -8  1  7  0
1   1   4  11   0
1 -10   1   2   0
1 -11   1   2   0
1   1   2  11   0
