p wcnf 15 131 132
1 -1 -2 -5  0
1  -1  -2 -13   0
1  -1  -2  15   0
1  -1  -3 -14   0
1  -1  -6  14   0
1  -1  -7 -15   0
1  -1 -13 -14   0
1  -1 -14  12   0
1  -1  11  15   0
1  -1  11  13   0
1  -1   7  10   0
1 -1 -9  6  0
1  -1   2  15   0
1 -2 -7  9  0
1  -2 -10  15   0
1  -2 -10  11   0
1  -2 -11 -14   0
1  -2  11  15   0
1  -2   9  10   0
1 -2  7  9  0
1 -2 -7  4  0
1 -2 -8  3  0
1  -2 -15   3   0
1 -3 -4 -6  0
1  -3  -8 -14   0
1  -3  -8  10   0
1  -3 -11 -12   0
1  -3   9  11   0
1  -3   8  10   0
1  -3   6  14   0
1 -3 -8  5  0
1  -4  -9  14   0
1  -4 -13  14   0
1  -4 -13  12   0
1  -4  10  12   0
1  -4   7  11   0
1  -4   5  14   0
1 -5 -7 -9  0
1  -5  -9 -11   0
1  -5  -9 -12   0
1  -5 -11   9   0
1  -5   8  14   0
1 -5 -9  6  0
1  -6  -8  14   0
1  -6  -9  15   0
1  -6  13  15   0
1  -6  10  15   0
1  -6 -14   7   0
1  -6 -15   7   0
1  -7  -8  12   0
1  -7 -11 -12   0
1  -7 -11  10   0
1  -7  10  13   0
1  -7 -11   8   0
1  -8  -9  14   0
1  -8 -11  13   0
1  -8 -15  13   0
1  -9  13  14   0
1  -9 -14  11   0
1  -9 -15  11   0
1 -12 -15  14   0
1 -12 -15  13   0
1 -15  11  12   0
1 -13   9  14   0
1   8  14  15   0
1 -15   8  10   0
1   8  10  11   0
1 -13   8   9   0
1   7  11  12   0
1 -10 -12   6   0
1 -10   6  13   0
1  6  8  9  0
1 -9  6  7  0
1  -8 -12   5   0
1 -10   5  15   0
1 -11 -12   5   0
1 -12 -13   5   0
1   5   9  14   0
1 -8  5  7  0
1 -13   5   7   0
1 -11   5   6   0
1 -5 -9  4  0
1  -5   4  11   0
1  -6 -12   4   0
1  -8 -13   4   0
1 -10   4  14   0
1 -15   4  10   0
1   4   8  10   0
1 -11   4   7   0
1  -4 -13   3   0
1  -5   3  12   0
1 -5  3  7  0
1  -6 -12   3   0
1   3  13  15   0
1   3  10  11   0
1 -10   3   8   0
1 -13   3   7   0
1 -15   3   5   0
1   3   5  12   0
1 -15   3   4   0
1  3  4  5  0
1 -3 -4  2  0
1  -5 -13   2   0
1 -7 -8  2  0
1  -7   2  12   0
1  -9   2  11   0
1 -15   2  13   0
1   2  13  15   0
1 -14   2  12   0
1   2   8  12   0
1  2  7  8  0
1  2  4  6  0
1 -8  2  3  0
1  -4 -15   1   0
1  -4   1  15   0
1 -4  1  5  0
1 -5 -8  1  0
1  -5   1  10   0
1 -6  1  8  0
1  -7 -15   1   0
1  -7   1  15   0
1  -8   1  11   0
1 -10 -14   1   0
1 -14   1  12   0
1   1  10  14   0
1 -15   1   7   0
1 -7  1  4  0
1 -10   1   4   0
1  1  3  5  0
1 -13   1   2   0
1   1   2  10   0
