p wcnf 15 132 133
1 -1 -2 -8  0
1  -1  -2 -12   0
1 -1 -2  5  0
1 -1 -2  4  0
1 -1 -3 -6  0
1  -1  -3 -13   0
1 -1 -5  7  0
1 -1 -6 -8  0
1  -1 -10 -14   0
1  -1 -11 -14   0
1  -1 -15  12   0
1  -1 -14   7   0
1  -1   6  10   0
1  -1   4  14   0
1 -1 -6  3  0
1 -1 -7  3  0
1  -1   3  12   0
1 -1 -3  2  0
1  -2  -7  14   0
1  -2  -7  12   0
1  -2  -9 -12   0
1  -2  -9 -15   0
1  -2 -12 -13   0
1  -2 -15  12   0
1  -2 -10   9   0
1  -2   5  13   0
1  -2   3  13   0
1 -2  3  9  0
1 -3 -6  8  0
1 -3 -7  8  0
1  -3  -8 -13   0
1  -3 -10 -12   0
1  -3 -11  15   0
1  -3 -12  15   0
1  -3 -12  14   0
1  -3 -14  13   0
1  -3 -15  10   0
1  -3 -10   6   0
1  -3   6  11   0
1  -4  -5 -11   0
1  -4  -7  14   0
1  -4  -8  15   0
1  -4  -9  11   0
1  -4 -12 -15   0
1  -4 -13  15   0
1  -4  11  12   0
1  -4   9  12   0
1 -4 -9  8  0
1  -5 -13  15   0
1  -5 -12  10   0
1  -5 -13  10   0
1  -5  10  12   0
1  -5   9  12   0
1  -5 -15   8   0
1  -5 -15   7   0
1  -6  -8 -10   0
1  -6 -10 -13   0
1  -6 -10  14   0
1  -6  11  14   0
1  -6 -15  10   0
1  -6   8  14   0
1  -7  -9  12   0
1  -7 -13  14   0
1  -7   9  14   0
1  -8  -9 -14   0
1  -8 -13  12   0
1  -9 -15  12   0
1  -9  10  15   0
1 -10 -11  15   0
1 -11 -13  12   0
1 -13  14  15   0
1 -15  12  14   0
1 -14  11  12   0
1 -11  10  14   0
1 -11 -14   9   0
1 -11 -15   9   0
1 -11   9  12   0
1 -13   9  15   0
1 -14   8  13   0
1 -15   8  11   0
1 -10   8   9   0
1 -11 -14   7   0
1 -12   7  15   0
1   7  14  15   0
1 -15   7   8   0
1   7   8  12   0
1   7   8  11   0
1 -10   6   8   0
1 -15   5   9   0
1   5   9  15   0
1  5  7  9  0
1 -8  5  6  0
1   5   6  14   0
1  -5   4  12   0
1 -12 -15   4   0
1 -12   4   7   0
1  4  7  9  0
1  -4 -13   3   0
1  -4 -14   3   0
1  -4 -15   3   0
1  -6 -10   3   0
1  -7 -13   3   0
1  -9 -10   3   0
1 -11   3  14   0
1 -13 -15   3   0
1 -10   3   9   0
1 -12   3   9   0
1   3   8  13   0
1   3   6  12   0
1   3   6  10   0
1 -15   3   4   0
1  -3   2  14   0
1  -4   2  14   0
1  -7 -13   2   0
1 -7  2  8  0
1  -9 -11   2   0
1 -14   2  12   0
1   2  11  13   0
1 -11   2   8   0
1   2   8  14   0
1   2   7  11   0
1 -9  2  5  0
1 -5  2  3  0
1 -4 -6  1  0
1 -5 -6  1  0
1  -7   1  14   0
1  -7   1  10   0
1 -10 -15   1   0
1 -10   1   6   0
1   1   5  13   0
1 -12   1   2   0
1   1   2  11   0
