p wcnf 15 132 133
1  -1  -2  14   0
1 -1 -3  8  0
1 -1 -4  6  0
1  -1  -6  12   0
1 -1 -6  7  0
1  -1  -7 -12   0
1  -1  -8 -13   0
1  -1  -9  13   0
1  -1 -11 -12   0
1  -1 -12 -15   0
1  -1 -10   9   0
1 -1 -7  6  0
1  -1 -13   6   0
1 -2 -3 -5  0
1  -2  -3 -14   0
1 -2 -4  8  0
1  -2  -9 -15   0
1  -2 -14  10   0
1  -2   9  14   0
1  -2   7  10   0
1  -2   6  12   0
1  -2   3  14   0
1 -3 -6  7  0
1 -3 -7  8  0
1  -3 -10  11   0
1  -3 -15  14   0
1  -3  12  13   0
1  -3 -10   7   0
1  -3   7  14   0
1  -3   4  14   0
1  -4  -7 -13   0
1  -4  -7  15   0
1  -4  -7  12   0
1  -4  -8  10   0
1  -4 -12  13   0
1  -4 -15   8   0
1  -4 -13   7   0
1  -4 -14   7   0
1 -4  6  9  0
1 -4 -6  5  0
1 -5 -6 -9  0
1  -5  -7  11   0
1  -5  -8  14   0
1  -5 -10 -14   0
1  -5  13  15   0
1  -5 -15  11   0
1  -5  11  15   0
1  -5 -13   9   0
1  -6  -7  12   0
1  -6  -8  10   0
1  -6  -9  12   0
1  -6 -10 -14   0
1  -6 -14  15   0
1  -7  -9 -15   0
1  -7 -12  14   0
1  -7  13  14   0
1  -7 -14  12   0
1  -7  11  15   0
1  -7 -13   9   0
1 -7 -9  8  0
1  -8  -9 -11   0
1  -8  10  14   0
1 -10 -14  13   0
1 -13  11  12   0
1  10  11  15   0
1 -10 -11   9   0
1 -11 -15   9   0
1 -10   8  13   0
1 -11 -12   8   0
1   8  13  15   0
1 -13   8   9   0
1 -10 -11   7   0
1 -14   7  10   0
1 -13   7   9   0
1 -9  7  8  0
1   7   8  15   0
1 -7 -8  6  0
1 -11   6   8   0
1 -13   6   7   0
1 -7 -9  5  0
1  -8 -15   5   0
1 -11   5  13   0
1 -12   5  13   0
1 -14   5  12   0
1 -11   5  10   0
1 -14   5   7   0
1  5  6  8  0
1  -5   4  10   0
1  -6   4  11   0
1  -9 -15   4   0
1 -10 -13   4   0
1 -11 -14   4   0
1 -11   4  12   0
1   4   9  15   0
1 -8  4  5  0
1 -9  4  5  0
1  -4 -12   3   0
1  -5 -13   3   0
1  -5   3  15   0
1  -5   3  11   0
1 -10 -11   3   0
1 -10 -14   3   0
1   3  10  11   0
1 -15   3   8   0
1   3   8  13   0
1 -7  3  5  0
1  3  4  6  0
1  -6 -13   2   0
1  -7 -14   2   0
1  -7 -15   2   0
1  -8 -15   2   0
1 -11 -14   2   0
1 -13   2  12   0
1 -12   2   9   0
1   2   9  14   0
1   2   8  14   0
1   2   5  10   0
1  2  5  7  0
1  -3   1  15   0
1 -3  1  5  0
1  -4 -10   1   0
1  -4 -12   1   0
1 -6 -7  1  0
1  -6   1  13   0
1 -11 -14   1   0
1 -13   1  15   0
1 -15   1  14   0
1 -12   1   8   0
1   1   8  10   0
1 -5  1  3  0
1 -15   1   3   0
1 -9  1  2  0
