p wcnf 15 134 135
1 -1 -3 -7  0
1  -1  -3  13   0
1 -1 -3  8  0
1 -1 -3  6  0
1 -1 -5 -8  0
1  -1  -5 -11   0
1  -1  -5  11   0
1  -1  -7  10   0
1  -1  -8 -15   0
1  -1 -12 -15   0
1  -1 -14  12   0
1  -1 -11   8   0
1 -1  7  9  0
1 -1 -9  5  0
1  -1   5  12   0
1  -1 -10   4   0
1 -1 -4  3  0
1 -1 -7  3  0
1 -1 -4  2  0
1 -2 -3  8  0
1  -2  -7 -15   0
1  -2  -7  15   0
1  -2  -8  12   0
1  -2  13  14   0
1  -2  12  14   0
1  -2 -12  10   0
1  -2 -13   6   0
1  -2 -15   4   0
1 -2  4  8  0
1  -3  -4  11   0
1 -3 -5 -9  0
1 -3 -5  9  0
1  -3  -6  15   0
1  -3 -10  14   0
1  -3 -13   9   0
1 -3 -9  7  0
1 -3 -7  5  0
1  -3 -12   5   0
1  -3   5  10   0
1 -3  4  5  0
1  -4  -5 -11   0
1  -4 -14  13   0
1  -4 -15  12   0
1  -4 -14   7   0
1  -4 -10   6   0
1  -4   6  15   0
1  -4 -14   5   0
1  -4   5  15   0
1 -4  5  7  0
1 -5 -6  7  0
1  -5  12  15   0
1  -5 -14  11   0
1  -5  11  12   0
1  -5   6  13   0
1  -6  -8  11   0
1  -6  -9 -14   0
1  -7   9  11   0
1  -8  -9 -11   0
1  -8  11  12   0
1  -8 -15  10   0
1  -9 -10  12   0
1  -9 -12 -14   0
1 -13  12  14   0
1 -11 -13  10   0
1 -15  10  13   0
1 -15  10  11   0
1 -11   9  15   0
1  -9 -15   8   0
1  -9   8  12   0
1  -9   8  11   0
1 -11   8  10   0
1  -8 -13   7   0
1   7  10  12   0
1  -7   6  14   0
1  -9 -10   6   0
1 -15   6  12   0
1   6  11  14   0
1  -7 -10   5   0
1 -10 -12   5   0
1 -12 -15   5   0
1 -14   5  13   0
1   5   8  10   0
1   5   7  15   0
1 -5 -9  4  0
1 -6 -7  4  0
1  -7 -12   4   0
1 -8  4  9  0
1 -11 -12   4   0
1 -11   4   9   0
1 -13   4   6   0
1  -4 -15   3   0
1  -7   3  15   0
1  -9 -11   3   0
1 -14 -15   3   0
1 -13   3  12   0
1   3  12  14   0
1 -15   3  10   0
1   3   7  15   0
1   3   7  10   0
1 -7  3  6  0
1   3   6  14   0
1   3   5  15   0
1   3   5  14   0
1   3   4  10   0
1 -3 -6  2  0
1  -3 -12   2   0
1 -3  2  9  0
1  -5 -15   2   0
1 -6  2  9  0
1 -10 -12   2   0
1   2  11  14   0
1 -12   2  10   0
1 -14   2  10   0
1   2   9  13   0
1   2   9  10   0
1 -12   2   8   0
1  2  7  8  0
1 -13   2   6   0
1   2   6  11   0
1 -14   2   5   0
1   2   5  11   0
1 -4  2  3  0
1 -5  2  3  0
1  2  3  5  0
1 -3  1  5  0
1  -5   1  10   0
1 -6 -8  1  0
1  -7 -10   1   0
1  -7   1  14   0
1  -9   1  15   0
1 -10   1  14   0
1 -6  1  4  0
1   1   3  13   0
1  1  2  8  0
