p wcnf 15 135 136
1 -1 -2 -8  0
1  -1  -2  10   0
1 -1 -2  3  0
1 -1 -3 -5  0
1 -1 -4 -6  0
1  -1  -4 -11   0
1 -1 -4  7  0
1 -1 -4  5  0
1  -1  -6 -15   0
1 -1 -7  9  0
1  -1 -10 -11   0
1  -1 -12 -14   0
1  -1 -12  15   0
1  -1  12  13   0
1  -1 -13   7   0
1  -1 -12   5   0
1  -1 -15   5   0
1  -1 -13   4   0
1 -1  4  7  0
1 -1  4  6  0
1 -1  2  4  0
1 -2 -3 -5  0
1  -2  -4 -10   0
1 -2 -5  8  0
1 -2 -8 -9  0
1  -2 -12 -14   0
1  -2 -12  15   0
1  -2  12  13   0
1  -2 -13   9   0
1  -2 -15   8   0
1  -2   8  11   0
1  -2   7  12   0
1  -2 -15   6   0
1  -2   6  11   0
1 -2 -6  5  0
1  -2   3  10   0
1  -3  -8  13   0
1  -3 -10  12   0
1  -3 -11  15   0
1  -3  11  14   0
1  -3 -15   8   0
1 -3  6  9  0
1 -4 -5 -7  0
1  -4  -5  11   0
1  -4  -8  15   0
1  -4  -9 -15   0
1  -4 -10 -14   0
1  -4 -10  11   0
1  -4   6  11   0
1  -4   5  10   0
1  -5  -7  11   0
1  -5 -13  14   0
1  -5 -13  12   0
1  -5   9  10   0
1 -5 -7  6  0
1  -6  -9 -11   0
1  -6 -11  12   0
1  -6   8  15   0
1 -6 -8  7  0
1  -7   8  14   0
1  -8 -10  13   0
1  -8 -14  12   0
1  -9 -14  15   0
1 -11 -12  15   0
1 -11 -14  15   0
1 -14  12  13   0
1 -11 -13  10   0
1 -11 -12   9   0
1 -10   8  11   0
1 -11 -15   8   0
1  -9 -11   7   0
1 -12   7  15   0
1 -12   7  14   0
1 -14 -15   7   0
1 -14   7  11   0
1 -8  6  9  0
1 -12   6  15   0
1 -10   6   9   0
1 -15   6   9   0
1   6   9  12   0
1 -13   6   8   0
1   6   8  14   0
1 -11   6   7   0
1 -15   6   7   0
1 -6 -8  5  0
1 -6 -9  5  0
1  -6   5  13   0
1 -15   5   9   0
1  -5 -15   4   0
1 -6  4  9  0
1 -13   4  15   0
1   4  12  13   0
1 -8  4  6  0
1 -7  4  5  0
1 -10   4   5   0
1  -4   3  10   0
1  -5 -15   3   0
1 -6 -9  3  0
1  -6   3  10   0
1  -8 -15   3   0
1 -10 -14   3   0
1 -10 -15   3   0
1   3  14  15   0
1 -11   3   7   0
1   3   6  14   0
1 -9  3  5  0
1 -13   3   5   0
1   3   5  14   0
1 -3  2  5  0
1  -5 -12   2   0
1 -5  2  7  0
1  -6 -13   2   0
1  -7 -10   2   0
1 -10 -15   2   0
1 -12   2  11   0
1   2   6  14   0
1 -4  2  3  0
1   2   3  10   0
1 -2  1  8  0
1  -3 -11   1   0
1 -4 -6  1  0
1 -4  1  5  0
1  -7 -10   1   0
1  -7   1  12   0
1  -8 -15   1   0
1  -9   1  13   0
1 -13   1  12   0
1   1   8  13   0
1 -11   1   7   0
1  1  6  8  0
1   1   5  14   0
1 -6  1  4  0
1   1   4  15   0
1   1   2  14   0
1   1   2  11   0
