p wcnf 15 133 134
1 -1 -4 -9  0
1 -1 -6 -9  0
1  -1  -6 -15   0
1  -1  -7  12   0
1  -1  -9  14   0
1  -1 -11 -14   0
1  -1 -11 -15   0
1  -1 -13 -14   0
1  -1 -13  14   0
1  -1  13  15   0
1  -1 -11   9   0
1  -1   9  10   0
1  -1   7  10   0
1  -1   5  10   0
1 -1  5  9  0
1 -1  3  4  0
1 -1  2  8  0
1 -2 -3 -5  0
1 -2 -5  9  0
1  -2  -6 -11   0
1  -2  -6 -12   0
1  -2  -6 -13   0
1  -2  -8 -13   0
1  -2 -10  15   0
1  -2 -11  13   0
1  -2 -14  10   0
1  -2 -12   3   0
1  -2 -13   3   0
1 -2  3  9  0
1  -3  -4  13   0
1  -3  -6 -10   0
1 -3 -7  9  0
1  -3 -10 -13   0
1  -3 -10  13   0
1  -3  13  14   0
1  -3 -15   7   0
1  -3   7  10   0
1 -3  5  7  0
1  -4  -5  11   0
1  -4  -7 -12   0
1  -4  -9  10   0
1  -4 -10  11   0
1  -4 -12 -13   0
1  -4  14  15   0
1  -4   6  15   0
1  -4 -14   5   0
1  -5  -7  13   0
1  -5  -7  11   0
1  -5  -8  14   0
1  -5 -12 -14   0
1  -5 -14  11   0
1  -5 -11   9   0
1  -5   9  14   0
1  -5   8  13   0
1  -6  -7 -11   0
1  -6  -8  10   0
1  -6  -9  14   0
1  -7  -8 -11   0
1  -7  11  15   0
1  -7 -13  10   0
1  -8  -9  10   0
1  -8 -10  14   0
1  -8  13  14   0
1  -8  10  12   0
1  -8   9  14   0
1 -10  11  12   0
1 -11 -12 -15   0
1 -14 -15  11   0
1 -13  10  15   0
1 -13  10  12   0
1 -12 -13   8   0
1 -12   8  10   0
1   8   9  14   0
1  -8 -13   7   0
1 -10   7  14   0
1 -12   7  14   0
1   7  12  15   0
1   7   9  15   0
1   6   8  15   0
1   6   8  10   0
1  -6 -13   5   0
1 -8 -9  5  0
1 -10   5  12   0
1 -11   5  12   0
1 -13 -15   5   0
1   5  11  15   0
1 -10   5   8   0
1 -15   5   8   0
1 -8  5  6  0
1 -12   5   6   0
1  -5 -10   4   0
1  -6 -10   4   0
1  -6   4  14   0
1  -7   4  13   0
1  -8   4  13   0
1  -9 -10   4   0
1 -10 -15   4   0
1 -10   4  15   0
1 -14   4   8   0
1   4   7  14   0
1   4   6  11   0
1   4   6  10   0
1 -15   4   5   0
1 -4 -5  3  0
1  -6 -10   3   0
1  -9   3  14   0
1   3   7  12   0
1 -13   3   4   0
1  -6   2  11   0
1 -6  2  9  0
1  -9 -13   2   0
1   2  12  13   0
1   2  11  13   0
1   2  10  12   0
1 -13   2   9   0
1   2   6  13   0
1  2  5  7  0
1  2  5  6  0
1 -4  2  3  0
1 -7  2  3  0
1 -2 -4  1  0
1  -3 -11   1   0
1  -9   1  11   0
1 -10   1  12   0
1 -11   1  14   0
1 -13 -15   1   0
1 -13   1  15   0
1   1  14  15   0
1   1  11  12   0
1  1  8  9  0
1   1   6  12   0
1  1  3  5  0
1  1  2  3  0
