p wcnf 15 130 131
1  -1  -3  15   0
1 -1 -4  5  0
1 -1 -5  6  0
1 -1 -6 -7  0
1  -1  -6  11   0
1  -1  11  15   0
1  -1 -13  10   0
1  -1 -14  10   0
1  -1  10  11   0
1  -1   6  15   0
1 -1 -7  5  0
1  -1 -13   4   0
1  -1   3  10   0
1 -1  3  6  0
1  -1 -15   2   0
1 -2 -4  5  0
1  -2  -6  10   0
1  -2  -8  11   0
1  -2  -9 -10   0
1  -2 -13  11   0
1  -2  10  11   0
1  -2 -15   7   0
1 -2 -9  6  0
1  -2   6  11   0
1  -2 -10   5   0
1 -2 -6  4  0
1  -2 -10   4   0
1 -2 -7  3  0
1 -2 -8  3  0
1 -2  3  9  0
1 -2  3  8  0
1 -2  3  7  0
1 -3 -5  9  0
1  -3  -7  10   0
1  -3  -8  10   0
1 -3 -8  4  0
1  -4  -6  13   0
1  -4  -7 -11   0
1  -4  -9 -10   0
1  -4  -9 -13   0
1  -4  -9  12   0
1  -4 -10 -12   0
1  -4 -13 -15   0
1  -4  12  13   0
1  -4 -15   8   0
1 -4  7  8  0
1  -4   5  15   0
1 -4  5  9  0
1  -5  -6  15   0
1  -5  -9 -12   0
1  -5  -9  14   0
1  -5 -14  10   0
1  -6  -7  12   0
1 -6 -7  8  0
1  -6  -9 -14   0
1  -7  -9  12   0
1  -7 -14  10   0
1  -7 -10   8   0
1  -7 -14   8   0
1  -8 -11  15   0
1  -8 -14 -15   0
1  -8  13  15   0
1  -8 -13  10   0
1  -8 -14  10   0
1  -8 -11   9   0
1  -9 -10 -15   0
1 -10 -13 -14   0
1 -11 -14  13   0
1 -11 -15  12   0
1 -13 -14 -15   0
1  11  12  13   0
1 -12  10  14   0
1 -15  10  14   0
1  -9 -12   8   0
1   8  14  15   0
1  -8   7  10   0
1   7  10  12   0
1   7   8  15   0
1  -8   6  13   0
1  -9   6  10   0
1 -11   6   8   0
1 -6  5  9  0
1  -7 -11   5   0
1 -7  5  8  0
1 -10   5   8   0
1   5   8  12   0
1   5   7  15   0
1  5  6  8  0
1  -5 -14   4   0
1  -6 -11   4   0
1  -6   4  10   0
1 -10   4  12   0
1 -14   4  13   0
1   4  13  15   0
1 -13   4  12   0
1   4  10  13   0
1 -14   4   7   0
1  -4   3  15   0
1 -4  3  7  0
1 -5 -7  3  0
1 -5  3  8  0
1 -6 -7  3  0
1  -7 -13   3   0
1 -13 -14   3   0
1 -10   3   6   0
1 -4  2  9  0
1 -7 -9  2  0
1 -15   2  12   0
1 -15   2  11   0
1 -12   2   5   0
1   2   5  11   0
1 -10   2   4   0
1 -8  2  3  0
1  -2   1  14   0
1  -3 -14   1   0
1 -4  1  5  0
1 -5 -6  1  0
1 -7 -8  1  0
1  -7 -11   1   0
1  -7 -12   1   0
1 -7  1  8  0
1 -10 -15   1   0
1 -11   1  12   0
1 -13 -14   1   0
1 -12   1   7   0
1   1   5  13   0
1  1  4  5  0
1 -8  1  2  0
1   1   2  12   0
1  1  2  3  0
