p wcnf 15 131 132
1 -1 -2 -7  0
1  -1  -2  14   0
1 -1 -2  5  0
1 -1 -4 -9  0
1  -1  -4 -13   0
1  -1  -4  11   0
1  -1  -5  12   0
1 -1 -5  6  0
1 -1 -6  8  0
1  -1  -9 -10   0
1  -1 -11 -12   0
1  -1  14  15   0
1  -1 -13  10   0
1 -1 -6  4  0
1  -1 -15   2   0
1  -1   2  14   0
1  -2  -6 -11   0
1  -2  -8 -10   0
1  -2 -10 -11   0
1  -2 -10  15   0
1  -2 -11  13   0
1  -2 -10   8   0
1  -2 -13   8   0
1  -2 -11   7   0
1 -2 -6  5  0
1  -2 -12   5   0
1 -2  5  9  0
1  -2   3  14   0
1  -3  -6 -14   0
1  -3  -7  14   0
1  -3  -8 -10   0
1  -3  -9 -12   0
1 -3 -6  5  0
1  -4  -5  13   0
1  -4  -7 -11   0
1  -4 -10  11   0
1  -4 -14  15   0
1  -4  14  15   0
1  -4 -14  11   0
1  -4  11  14   0
1  -4 -13   9   0
1  -4   9  10   0
1  -4 -12   8   0
1  -4   8  14   0
1 -4 -9  5  0
1  -5  -9  10   0
1  -5 -13  11   0
1  -5  10  11   0
1  -5   9  15   0
1  -5   9  12   0
1 -5 -8  7  0
1 -5  6  9  0
1  -6  -9  11   0
1  -6 -11 -13   0
1 -6 -9  8  0
1  -7  -9  13   0
1  -7 -11 -13   0
1  -7 -11 -15   0
1  -7 -15  14   0
1  -8 -14  12   0
1  -9 -12  14   0
1  -9 -11  10   0
1  -9 -12  10   0
1 -10 -12  14   0
1 -10 -14  12   0
1 -10  12  15   0
1 -10 -12  11   0
1 -12  14  15   0
1 -13 -15  14   0
1   9  12  14   0
1 -11   8  15   0
1 -14   8  13   0
1  -8 -11   7   0
1 -10 -11   7   0
1   7  10  14   0
1  -7   6  14   0
1  -8   6  13   0
1 -11 -15   6   0
1 -6 -7  5  0
1  -9   5  12   0
1 -10   5  15   0
1   5  13  14   0
1   5  12  13   0
1   5   9  14   0
1 -7  4  8  0
1  -9   4  15   0
1 -11 -15   4   0
1 -12 -15   4   0
1 -12   4  10   0
1 -13   4  10   0
1 -9  4  7  0
1  4  5  9  0
1 -4  3  6  0
1  -7 -11   3   0
1  -7   3  10   0
1  -8   3  10   0
1  -9 -15   3   0
1 -10   3  14   0
1 -13 -15   3   0
1 -14 -15   3   0
1   3   9  12   0
1 -10   3   8   0
1   3   6  10   0
1 -5  3  4  0
1   3   4  13   0
1  -3 -10   2   0
1  -4 -10   2   0
1  -4 -11   2   0
1  -4   2  11   0
1 -4  2  8  0
1  -6 -11   2   0
1  -6   2  15   0
1 -11 -13   2   0
1   2   6  13   0
1 -10   2   5   0
1   2   4  12   0
1  2  4  9  0
1   2   3  11   0
1 -2  1  5  0
1  -3   1  11   0
1 -4 -9  1  0
1 -6 -7  1  0
1 -6  1  7  0
1   1  14  15   0
1   1  12  14   0
1  1  7  8  0
1 -12   1   5   0
1   1   5  10   0
1 -11   1   4   0
1 -14   1   2   0
1   1   2  11   0
