p wcnf 15 180 181
1 -1 -2 -4  5  0
1  -1  -2 -13   3   0
1  -1  -3 -12  14   0
1  -1  -4 -14   8   0
1 -1 -5 -6 -7  0
1  -1  -5   8  15   0
1  -1  -6  -7 -13   0
1  -1  -6 -10  13   0
1  -1  -8 -14 -15   0
1  -1 -12   8  14   0
1  -1   7  10  14   0
1  -1   7   8  13   0
1  -1 -13   6  15   0
1  -1   6  10  14   0
1  -1  -7   5  14   0
1  -1   5  11  12   0
1  -1 -10   5   9   0
1  -1   5   6  14   0
1 -1  4  8  9  0
1  -1  -9   3  12   0
1  -1 -11   3  12   0
1 -1  3  8  9  0
1  -1  -5   2  13   0
1  -1  -8 -14   2   0
1  -1 -15   2   8   0
1 -1 -8  2  6  0
1 -2 -3 -5 -6  0
1  -2  -3  -5  10   0
1  -2  -3   9  15   0
1  -2  -3 -15   8   0
1  -2  -4 -12   9   0
1  -2  -5 -14  10   0
1  -2  -8 -10  13   0
1  -2  11  13  15   0
1  -2  10  14  15   0
1  -2  -8 -12   7   0
1  -2 -12   7  15   0
1  -2 -11 -12   6   0
1 -2 -8  3  9  0
1  -3  -4 -13  10   0
1  -3  -4 -13   9   0
1  -3  -4 -13   6   0
1  -3  -6  -9  15   0
1  -3  -6 -12 -13   0
1  -3  -8  -9  11   0
1  -3  11  13  15   0
1  -3 -10   9  14   0
1  -3 -13 -15   8   0
1  -3 -15   8  12   0
1  -3 -12   8   9   0
1  -3 -10 -14   6   0
1 -3  6  7  8  0
1  -3 -11   5   9   0
1  -4  -5  -7 -15   0
1  -4  -7  -9 -14   0
1  -4  -7 -13 -15   0
1  -4  -7 -14  15   0
1  -4  -7 -15  11   0
1  -4  -9 -15  12   0
1  -4 -12 -15  11   0
1  -4  10  11  12   0
1  -4 -12 -14   9   0
1  -4  -9   8  15   0
1  -4 -13   8  12   0
1  -4 -11   8  10   0
1  -4  -9 -10   7   0
1  -4 -10 -15   7   0
1  -4 -14 -15   7   0
1  -4 -14   5  15   0
1  -5  -6  -8 -10   0
1  -5  -7  11  14   0
1  -5  -7  10  12   0
1  -5 -14   7   8   0
1  -6  -7 -14   8   0
1  -6  -9 -10 -13   0
1  -6  -9  12  14   0
1  -6 -10 -11  13   0
1  -6   9  13  14   0
1  -6 -14   9  12   0
1  -7  -9 -15  14   0
1  -7  -9  11  13   0
1  -7 -10 -14  13   0
1  -7 -15  12  14   0
1  -8 -11 -13  10   0
1  -8 -13   9  14   0
1  -9 -10 -15  14   0
1  -9 -15  10  13   0
1 -11 -13 -15  10   0
1 -12  10  13  14   0
1 -12   9  11  14   0
1 -15   9  11  13   0
1  -9 -11   8  12   0
1 -10   8  12  13   0
1 -13 -15   8  10   0
1  -8  -9   7  14   0
1  -8  -9   7  11   0
1  -8 -12   7  13   0
1  -9   7  12  14   0
1  -9   7  10  15   0
1 -11 -12 -13   7   0
1 -11   7   8  13   0
1  -9   6  11  12   0
1   6   9  11  15   0
1 -10   6   8  14   0
1 -13   6   7  12   0
1  -6 -10 -13   5   0
1  -7 -10   5  15   0
1 -12   5  10  13   0
1 -13   5   8  12   0
1 -14   5   8  12   0
1   5   8  12  13   0
1 -13   5   6  12   0
1  -5  -6 -11   4   0
1  -6 -12   4  11   0
1  -6 -11   4   8   0
1  -8 -15   4  14   0
1  -8   4  12  15   0
1 -12   4  14  15   0
1   4  10  13  14   0
1   4   8  11  15   0
1 -11   4   8   9   0
1 -8 -9  4  7  0
1 -12 -15   4   7   0
1  -8 -11   4   5   0
1   4   5   6  12   0
1  -4   3  10  12   0
1  -5 -13   3  12   0
1  -7 -10 -15   3   0
1  -7 -11 -15   3   0
1  -9   3  14  15   0
1 -11 -14 -15   3   0
1 -11 -14   3  15   0
1   3   8   9  12   0
1 -12 -15   3   7   0
1 -14   3   7  10   0
1   3   5  14  15   0
1  -6 -11   3   4   0
1  -8 -10   3   4   0
1 -12   3   4   8   0
1  3  4  7  8  0
1  -3  -5 -13   2   0
1  -3   2   6  14   0
1  -3   2   5  14   0
1  -4  -6   2  11   0
1  -5 -13   2  15   0
1  -6 -11   2  15   0
1  -7 -12   2   9   0
1  -8  -9 -13   2   0
1 -11 -12 -14   2   0
1 -12 -15   2  10   0
1  -7   2   5  10   0
1 -10   2   5   8   0
1  -7 -11   2   4   0
1 -2 -6 -7  1  0
1  -2  -7   1  12   0
1  -2 -10   1   9   0
1  -2   1   9  13   0
1  -3 -13 -14   1   0
1  -4  -7   1  12   0
1  -4   1   5  12   0
1  -4   1   5  11   0
1  -5  -7   1  10   0
1  -5  -9 -11   1   0
1  -5 -11   1  15   0
1  -5 -15   1  12   0
1  -5 -14   1   7   0
1  -6  -7 -14   1   0
1 -6 -8  1  7  0
1  -7 -13   1   9   0
1  -7   1   8  10   0
1  -8  -9 -10   1   0
1  -9 -13   1  14   0
1 -10 -14   1  11   0
1 -10 -14   1   9   0
1  -9   1   6  11   0
1 -12   1   5  10   0
1   1   5   7  13   0
1 -11   1   5   6   0
1 -6 -9  1  4  0
1   1   2  12  13   0
