p wcnf 15 180 181
1  -1  -2 -15  13   0
1  -1  -2 -10   4   0
1  -1  -3  -5 -10   0
1  -1  -3 -13   7   0
1  -1  -4  -6 -15   0
1  -1  -4  -7 -12   0
1  -1  -4   5  11   0
1  -1  -5 -13 -14   0
1  -1  -6  13  15   0
1  -1  -9 -12   8   0
1  -1 -14   8  13   0
1  -1  -8 -14   7   0
1  -1 -12 -14   6   0
1  -1 -15   6  14   0
1  -1  -7 -12   5   0
1  -1  -7   5  15   0
1  -1  -8 -11   4   0
1  -1 -13   4   9   0
1  -1  -4   3  15   0
1  -1 -12   2  15   0
1  -2  -3  -9 -13   0
1  -2  -3 -12 -15   0
1  -2  -3 -12  15   0
1  -2  -3   9  11   0
1  -2  -3   7  14   0
1  -2  -4 -14 -15   0
1  -2  -4   8  14   0
1  -2  -5 -14  11   0
1  -2  -5   8  13   0
1 -2 -6 -7 -9  0
1  -2  -6 -10 -11   0
1 -2 -6  8  9  0
1  -2  -8 -13  12   0
1  -2  -9 -11 -14   0
1  -2 -10 -11  12   0
1  -2 -14   7  13   0
1  -2  -6   5  11   0
1  -2 -15   5   8   0
1  -2 -13   4  10   0
1  -2   4   6  14   0
1  -2  -9 -10   3   0
1  -2 -15   3  14   0
1 -2 -8  3  6  0
1  -2 -15   3   6   0
1  -2   3   4  10   0
1  -3  -4 -15  12   0
1  -3  -4 -12  11   0
1  -3  -4   6  11   0
1  -3  -5  -7  15   0
1  -3  -6  -8  12   0
1  -3  -6   8  11   0
1  -3  -9 -12  11   0
1  -3 -12 -13 -15   0
1  -3 -15  11  13   0
1  -3   8  10  14   0
1  -3   7   8  15   0
1  -3   6  10  15   0
1  -3 -13   5   7   0
1  -3 -10 -13   4   0
1  -3   4  11  14   0
1  -3   4   6  11   0
1  -3   4   5  10   0
1  -4  -5   9  15   0
1  -4  -5   7  11   0
1  -4  -5   6  15   0
1  -4  -8 -15  13   0
1  -4 -10 -14 -15   0
1 -4 -8  7  9  0
1  -4 -13   7   9   0
1  -4  -9 -11   6   0
1  -4   5   6  12   0
1  -5  -7  11  13   0
1  -5 -15   9  10   0
1  -5   6  11  12   0
1 -6 -7 -9  8  0
1  -6 -15  12  14   0
1  -6 -11 -14   8   0
1  -6  -9   7  15   0
1  -7  -8  -9 -12   0
1  -7  -8  -9  15   0
1  -7  -8   9  11   0
1  -7  -9 -10 -12   0
1  -7  -9 -14 -15   0
1  -7  -9  11  13   0
1  -7  -9  10  12   0
1  -7 -10 -14  12   0
1  -7 -14  12  13   0
1  -7 -12 -15  10   0
1 -10 -11  12  15   0
1 -15  11  12  13   0
1   9  10  12  15   0
1  -9 -11   8  15   0
1 -13 -14   7  12   0
1  -9 -15   7   8   0
1  -7  -9   6  15   0
1  -8 -13   6  12   0
1 -11   6   8  15   0
1 -13   6   7   9   0
1  -6  -7 -15   5   0
1  -6 -12   5  15   0
1 -6  5  7  8  0
1  -9   5  11  15   0
1 -11 -15   5  10   0
1 -13 -14   5   9   0
1  -8 -13   5   7   0
1  -8   5   7  13   0
1 -10   5   6  12   0
1  -5 -11 -15   4   0
1  -5 -12   4   8   0
1  -5   4   8  13   0
1  -6 -14   4  10   0
1  -6   4   8  11   0
1 -12 -14   4  15   0
1 -12   4   8  15   0
1 -15   4   8  13   0
1 -12   4   8   9   0
1 -10 -12   4   6   0
1  -4   3  12  13   0
1  -4 -13   3   8   0
1 -4  3  8  9  0
1  -4 -13   3   5   0
1  -5 -13   3   9   0
1 -6 -7 -9  3  0
1  -7 -11   3  14   0
1  -7 -14   3  15   0
1  -7 -13   3  11   0
1  -7 -10   3   8   0
1  -8   3   9  15   0
1 -11   3  10  13   0
1 -15   3   9  11   0
1 -10 -11   3   8   0
1 -11 -15   3   8   0
1  3  7  8  9  0
1  3  5  8  9  0
1   3   4   8  14   0
1  -3  -6 -11   2   0
1  -3   2  10  12   0
1  -4   2   6  14   0
1 -5 -8  2  7  0
1  -6 -10   2  12   0
1  -7   2   9  14   0
1  -9 -10 -15   2   0
1  -9 -11   2  15   0
1   2  10  13  14   0
1   2   8  11  12   0
1   2   8  10  11   0
1  -7 -13   2   6   0
1  -7   2   6  14   0
1   2   6   9  15   0
1 -13   2   5  15   0
1  -8   2   4  12   0
1  -9   2   4  15   0
1 -5 -7  2  3  0
1  -7 -10   2   3   0
1 -12   2   3   8   0
1  -2   1  12  15   0
1 -3  1  7  8  0
1  -4 -14   1   9   0
1  -5   1   6  15   0
1  -6 -10   1  14   0
1  -7 -11   1   8   0
1  -8 -12   1  13   0
1 -10 -11   1  14   0
1 -10   1  11  14   0
1 -10 -14   1   8   0
1  -8 -15   1   7   0
1 -12   1   7  11   0
1  -7 -15   1   6   0
1 -11   1   5  13   0
1 -12   1   5   8   0
1 -7 -9  1  4  0
1  -7 -10   1   4   0
1  -9   1   4  14   0
1   1   4  11  12   0
1 -12   1   4   8   0
1   1   4   7  11   0
1 -13   1   4   5   0
1 -4  1  3  5  0
1 -15   1   3   7   0
1   1   2  11  13   0
