p wcnf 15 179 180
1 -1 -2 -3 -7  0
1  -1  -2  -3 -10   0
1  -1  -2  -3  10   0
1  -1  -2   6  12   0
1 -1 -3 -4 -7  0
1  -1  -3 -10 -12   0
1 -1 -3 -9  7  0
1  -1  -3 -15   5   0
1  -1  -5  -9 -11   0
1  -1  -5 -11 -13   0
1  -1  -5   9  10   0
1  -1  -5   7  13   0
1  -1  -5   7  10   0
1  -1  -5 -13   6   0
1  -1  -6  -8 -11   0
1  -1  -7 -10 -14   0
1  -1  -9 -12 -13   0
1  -1 -12 -14  13   0
1  -1  -9   8  12   0
1  -1   8  11  12   0
1  -1 -11 -13   7   0
1  -1   7  12  13   0
1  -1 -10   7   8   0
1  -1  -7 -14   6   0
1 -1 -8  6  7  0
1  -1   5  12  14   0
1  -1 -13   5  11   0
1  -1  -6 -11   4   0
1  -1   4   6  13   0
1  -1  -8   3  15   0
1  -1  -9   3  15   0
1  -1   3   6  10   0
1  -1  -3   2  10   0
1  -2  -3   8  15   0
1  -2  -4  10  14   0
1  -2  -4 -15   6   0
1  -2  -6 -10 -15   0
1  -2  -7   8  15   0
1  -2  -9 -12  15   0
1  -2  -9 -14 -15   0
1  -2  -9 -15  12   0
1  -2 -11 -13  10   0
1  -2  -8   7  12   0
1  -2 -10   7  11   0
1  -2  -8   5  14   0
1  -2   5   9  11   0
1  -2  -7 -14   4   0
1  -2   4  12  15   0
1  -2  -7 -11   3   0
1  -2  -8   3  13   0
1 -2  3  4  5  0
1  -3  -4  -5  12   0
1  -3  -4  -7  12   0
1  -3  -4 -10  13   0
1 -3 -4 -9  6  0
1  -3  -5 -12 -13   0
1 -3 -6 -9  8  0
1  -3  -6   7  15   0
1  -3  -7   9  14   0
1  -3 -13 -14  11   0
1  -3 -14 -15  10   0
1  -3 -10 -14   7   0
1  -3   6   9  14   0
1  -3 -10   5  12   0
1  -3 -13   5  12   0
1  -3   5   7  10   0
1  -4  -6 -14  10   0
1  -4  -8 -12 -15   0
1  -4 -11   8  13   0
1  -4 -11   7  12   0
1  -4   7   8  14   0
1  -4 -10 -15   6   0
1  -5  -6  -8 -11   0
1  -5  -9 -14 -15   0
1  -5  -9 -12  10   0
1  -5 -10  11  15   0
1  -5 -13 -15  11   0
1  -5   9  13  15   0
1  -5 -10 -13   6   0
1  -5 -13   6  10   0
1  -6  -9 -10 -13   0
1  -6   7   8  15   0
1  -7  -9 -14  10   0
1  -7 -10  11  14   0
1  -7 -12 -13   9   0
1  -7 -11   9  10   0
1  -7 -12   8  13   0
1  -7   8   9  12   0
1  -8 -12 -14  10   0
1  -8 -10 -11   9   0
1  -8   9  11  15   0
1  -9  12  14  15   0
1 -12 -13 -15  11   0
1 -11  10  14  15   0
1  10  11  13  15   0
1  -9   8  13  14   0
1 -10 -12   8  11   0
1 -11   8  12  15   0
1  -8 -11 -13   7   0
1 -11   7  10  15   0
1 -10 -11   7   8   0
1  -8 -10   6  13   0
1 -10 -15   6  14   0
1   6   8  11  12   0
1  -8   6   7  13   0
1  -6  -7   5  14   0
1  -6   5   8  14   0
1  -8 -11   5  15   0
1  -9 -11 -13   5   0
1 -10   5  11  13   0
1   5  10  13  15   0
1   5   9  13  15   0
1 -10 -13   5   8   0
1 -6 -7 -9  4  0
1  -6 -11   4  15   0
1 -7 -8 -9  4  0
1  -7 -10 -14   4   0
1  -7 -15   4  10   0
1 -12 -14   4  15   0
1 -11 -13   4   7   0
1 -10   4   7   8   0
1  -9   4   6  13   0
1 -10 -13   4   6   0
1 -15   4   6  13   0
1   4   6  10  12   0
1 -13   4   6   9   0
1 -12   4   5  15   0
1 -15   4   5  10   0
1 -6 -8  3  9  0
1  -7   3  10  12   0
1 -7 -9  3  8  0
1 -10   3   9  14   0
1 -11 -12   3   9   0
1 -12   3   5   7   0
1  -6   3   4  11   0
1  -3  -8   2  14   0
1  -5  -8   2  15   0
1  -6  -7 -13   2   0
1  -6  -8   2  13   0
1  -6 -10 -15   2   0
1  -6 -11   2  13   0
1  -7 -11   2   9   0
1  -7   2   9  10   0
1  -8 -10 -14   2   0
1  -9 -10 -11   2   0
1  -9 -12   2  13   0
1 -10   2  14  15   0
1 -12 -15   2   9   0
1  -9   2   5  11   0
1  -5 -13   2   4   0
1  -4   2   3  11   0
1  -9   2   3  13   0
1 -15   2   3   8   0
1  -2  -8 -12   1   0
1  -2 -11   1  12   0
1  -3  -9   1  12   0
1  -3 -13   1  11   0
1  -4  -7 -14   1   0
1  -4  -7   1  12   0
1 -4 -7  1  9  0
1  -4  -8   1  15   0
1  -5 -11   1   6   0
1  -6 -15   1  10   0
1  -8 -15   1  10   0
1  -9 -11   1  15   0
1  -9   1  13  14   0
1 -10 -11 -14   1   0
1 -10 -14 -15   1   0
1 -10 -15   1  13   0
1  -9   1   7  12   0
1  1  7  8  9  0
1   1   5  14  15   0
1   1   5   7  15   0
1 -10   1   4   9   0
1   1   4   9  11   0
1 -12   1   3  11   0
1   1   3  11  14   0
1   1   2  11  15   0
1 -11   1   2   4   0
