p wcnf 15 178 179
1  -1  -2  -6  10   0
1  -1  -3   8  11   0
1  -1  -3 -10   7   0
1  -1  -3 -14   5   0
1  -1  -4  -8  11   0
1  -1  -4   9  11   0
1  -1  -6  14  15   0
1  -1  -7  -9  14   0
1  -1  -7 -14  11   0
1  -1  -7   9  14   0
1  -1  -9 -13  15   0
1  -1 -10 -12 -14   0
1  -1 -13  12  14   0
1  -1 -12   7  14   0
1 -1 -7 -8  6  0
1  -1  -7   3  14   0
1  -2  -3  -5  15   0
1  -2  -3  11  14   0
1  -2  -3 -15  10   0
1  -2  -4  -7 -13   0
1  -2  -4   7  10   0
1  -2  -5 -12   7   0
1  -2  -6  -8 -15   0
1  -2  -6   8  11   0
1  -2  -7 -12  14   0
1  -2  -7  12  13   0
1  -2  -8 -12 -14   0
1  -2 -10 -13  15   0
1  -2 -10 -13  12   0
1  -2   7   9  10   0
1  -2 -13   5  14   0
1  -2   5   6  13   0
1  -2 -15   4   9   0
1 -2  4  5  8  0
1 -2 -4  3  9  0
1  -2 -14   3   9   0
1  -2   3   6  14   0
1 -2  3  5  6  0
1  -3  -4   6  10   0
1  -3  -5   8  10   0
1  -3  -6  -7  10   0
1 -3 -6 -7  8  0
1  -3  -6   8  10   0
1 -3 -6  7  9  0
1  -3  -7 -10 -11   0
1  -3  -9 -14  11   0
1  -3 -10  14  15   0
1  -3 -12   9  15   0
1  -3 -14 -15   9   0
1  -3   7  12  15   0
1  -3 -15   7   9   0
1  -3  -8 -12   6   0
1 -3 -7  4  8  0
1 -3 -8 -9  4  0
1  -3   4   6  15   0
1  -4  -5  -7 -11   0
1  -4  -5 -14 -15   0
1  -4  -5   6  12   0
1 -4 -6  8  9  0
1  -4  -9  10  13   0
1  -4 -13 -15  11   0
1  -4 -14   8  13   0
1  -4 -14   5  13   0
1  -4   5  12  14   0
1  -4 -15   5   6   0
1  -5  -6 -10 -12   0
1  -5  -6 -11  10   0
1  -5  -8  -9  13   0
1  -5   8   9  12   0
1  -6  -9 -14  15   0
1  -6  -9 -15  12   0
1  -6 -10  12  14   0
1  -6 -10  11  13   0
1  -6 -15  10  11   0
1  -6  -8 -13   7   0
1  -7  -8 -13  15   0
1  -7  -8  13  14   0
1  -7 -13  12  15   0
1  -7  10  12  13   0
1  -7 -10 -15   8   0
1  -7 -10   8  13   0
1  -7 -12   8  13   0
1  -7 -15   8  10   0
1  -8  -9 -14  15   0
1  -8 -10   9  14   0
1 -10 -11  12  13   0
1 -10 -14 -15  11   0
1  10  11  12  13   0
1  -8 -12   7  15   0
1  -8 -15   7  14   0
1  -9   7   8  12   0
1 -14   7   8  11   0
1  -8   6  13  14   0
1 -10   6  11  13   0
1 -14   6  12  13   0
1  -6 -10   5   9   0
1  -7  -8   5  12   0
1  -8 -10   5  12   0
1  -8   5  10  13   0
1 -12   5  13  15   0
1 -10 -14   5   9   0
1   5   7  10  13   0
1  -5 -14   4  11   0
1  -6  -7 -12   4   0
1  -6 -14   4  10   0
1  -7  -9   4  12   0
1  -7 -10   4  13   0
1  -8  -9 -10   4   0
1  -8  -9 -11   4   0
1 -12 -13   4  11   0
1 -8 -9  4  7  0
1 -7  4  6  9  0
1  4  5  6  9  0
1  -4 -13   3  15   0
1  -6 -12   3  14   0
1  -6   3  13  14   0
1  -6   3   9  15   0
1  -7 -12 -14   3   0
1  -8   3   9  15   0
1  -9 -10 -11   3   0
1 -10   3   9  15   0
1  -9 -14   3   8   0
1 -10   3   7  14   0
1   3   6  13  15   0
1 -15   3   6  10   0
1   3   6   7  14   0
1  -6   3   5  13   0
1  -7 -13   3   5   0
1  -7   3   5  12   0
1  3  4  7  8  0
1  3  4  5  8  0
1  -3  -7 -12   2   0
1  -3 -11   2   8   0
1  -3   2   7  13   0
1  -4 -10   2  11   0
1  -4 -14 -15   2   0
1  -4   2  12  15   0
1  -5  -7   2  14   0
1  -6  -7   2  12   0
1  -8 -13   2  11   0
1  -9 -12   2  13   0
1 -10 -13   2  12   0
1 -11 -15   2  14   0
1 -11 -15   2  12   0
1   2   7  11  14   0
1 -13 -15   2   6   0
1   2   6   7  12   0
1 -7 -8  2  5  0
1 -11   2   5  15   0
1 -5  2  4  6  0
1  -5 -12   2   3   0
1 -14 -15   2   3   0
1   2   3  12  13   0
1 -2 -3 -4  1  0
1 -2 -3 -8  1  0
1  -2  -5 -10   1   0
1  -2  -7   1  10   0
1 -2 -6  1  5  0
1 -4 -5  1  8  0
1  -4 -10 -11   1   0
1  -5  -7   1  13   0
1  -5 -12   1  11   0
1  -5   1  10  13   0
1  -5 -12   1   8   0
1  -5   1   7  15   0
1  -6  -7   1  14   0
1  -8  -9   1  15   0
1  -8 -14   1  11   0
1  -9   1  12  14   0
1  -8   1   7  11   0
1 -11   1   6   9   0
1 -14   1   6   9   0
1   1   5  12  14   0
1 -14   1   5   9   0
1  -5   1   4  11   0
1 -11 -15   1   4   0
1 -7  1  3  9  0
1 -15   1   3   8   0
