p wcnf 15 180 181
1  -1  -2  12  13   0
1  -1  -2   8  14   0
1  -1  -3  -7 -13   0
1  -1  -3  -8  15   0
1  -1  -3 -12  11   0
1  -1  -3  10  11   0
1 -1 -3  5  7  0
1  -1  -3 -11   4   0
1  -1  -4  10  13   0
1  -1  -4 -12   9   0
1  -1  -5  -8  12   0
1  -1  -5  -9 -10   0
1  -1  -8 -15  10   0
1  -1 -11 -15  14   0
1  -1 -14   9  13   0
1  -1  -9 -11   8   0
1  -1 -15   8  12   0
1  -1   8  12  14   0
1  -1 -14   8  11   0
1  -1  -8   7  10   0
1  -1 -10 -11   7   0
1  -1  -9 -10   6   0
1  -1   6  12  13   0
1  -1  -7   5  13   0
1  -1 -10 -11   5   0
1  -1  -5 -13   4   0
1  -1 -14   4  10   0
1  -1  -9   3  12   0
1  -1   3  11  15   0
1  -1   2  12  15   0
1  -2  -3  -8 -15   0
1  -2  -4 -12  14   0
1  -2  -4   7  10   0
1 -2 -5 -6  8  0
1  -2  -6 -14   8   0
1  -2  -7 -10  13   0
1  -2  -7 -12   8   0
1  -2  -8 -13  12   0
1  -2 -11 -12  13   0
1  -2 -14 -15  13   0
1  -2 -12 -14  11   0
1  -2 -14  11  15   0
1  -2 -14   9  10   0
1  -2 -12   8   9   0
1  -2 -13 -14   7   0
1 -2 -7  6  8  0
1  -2  -7 -10   5   0
1 -2 -7  5  9  0
1 -2 -4  3  7  0
1  -2 -11 -15   3   0
1  -3  -5 -14   7   0
1  -3  -5   6  13   0
1  -3  -6   9  10   0
1  -3  -7  10  15   0
1  -3  -7   8  10   0
1  -3  -8 -13  10   0
1  -3  -9 -13  11   0
1  -3  -9 -11  10   0
1  -3 -14  10  13   0
1  -3   8  12  14   0
1  -3   8   9  13   0
1  -3 -11   7  12   0
1  -3   4  13  14   0
1  -3 -11   4   5   0
1 -4 -5 -6 -9  0
1  -4  -5  -6  15   0
1  -4  -5  -9  15   0
1  -4  -5 -12  13   0
1 -4 -5  8  9  0
1  -4  -6  -7  10   0
1  -4 -10   8  11   0
1 -4 -8  7  9  0
1  -4 -15   7  11   0
1  -4  -6   5  11   0
1  -4  -7   5  13   0
1  -4 -15   5  10   0
1  -5  -7  -8  15   0
1  -5  -8 -15  13   0
1  -5  -8 -15  10   0
1  -5  -8  10  15   0
1  -5  -9  13  15   0
1  -5 -14   8  13   0
1  -6 -10 -11  14   0
1  -6 -14  11  13   0
1  -6  -8 -10   7   0
1  -7  -9 -13  10   0
1  -7 -12  11  13   0
1  -7 -10   9  14   0
1 -11 -12 -13 -15   0
1 -13 -14  11  15   0
1 -12 -15  10  11   0
1 -11 -14   9  13   0
1 -10   8  12  15   0
1 -11 -15   8  13   0
1   8   9  14  15   0
1 -15   8   9  11   0
1   8   9  10  15   0
1  -8 -14   7  10   0
1  -9 -13   7  11   0
1 -10 -12   7  11   0
1  -9   7   8  14   0
1 -15   7   8  14   0
1  -7 -15   6  12   0
1 -11 -15   6  13   0
1   6   9  11  13   0
1 -13   6   8  11   0
1  -7   5   9  10   0
1 -11 -12 -15   5   0
1 -13 -14   5   9   0
1 -15   5   9  13   0
1   5   8  10  15   0
1   5   7  11  14   0
1 -10   5   7   8   0
1 -11   5   7   8   0
1  -5 -10 -12   4   0
1  -8 -10 -14   4   0
1  -9 -12 -15   4   0
1 -14   4  10  11   0
1 -15   4   9  12   0
1   4   8   9  10   0
1 -10 -15   4   7   0
1 -12   4   5   7   0
1  -4 -15   3   8   0
1 -4 -9  3  5  0
1  -6  -7   3  13   0
1  -6 -14   3   9   0
1 -10 -11 -12   3   0
1 -11   3   8  13   0
1   3   7  10  14   0
1 -8  3  6  9  0
1 -11   3   6  12   0
1 -11   3   6   9   0
1 -15   3   5   7   0
1 -10   3   4  15   0
1 -15   3   4  12   0
1   3   4   5  12   0
1  -3  -6   2  14   0
1  -3 -10   2  12   0
1 -3  2  4  9  0
1 -4 -7  2  9  0
1  -4 -10   2   7   0
1  -5 -11 -12   2   0
1  -7  -8   2  14   0
1  -7  -8   2  11   0
1  -7  -9   2  11   0
1  -8   2  11  14   0
1  -9 -14 -15   2   0
1 -10 -14   2  15   0
1 -11 -14   2  15   0
1 -14   2  11  12   0
1   2   9  12  14   0
1   2   8   9  13   0
1  -7 -14   2   6   0
1  -7 -15   2   5   0
1  2  5  7  9  0
1 -10   2   3  12   0
1 -14   2   3  12   0
1   2   3  11  12   0
1 -12   2   3  10   0
1 -8  2  3  7  0
1 -2 -3  1  6  0
1  -2  -4 -12   1   0
1  -2   1  12  14   0
1  -6  -9 -13   1   0
1 -7 -8  1  9  0
1  -8   1  10  14   0
1  -9 -13   1  12   0
1 -10   1   9  14   0
1  -9 -12   1   8   0
1   1   8  11  14   0
1   1   6  11  14   0
1  -5 -12   1   4   0
1 -12   1   4  11   0
1 -9  1  4  6  0
1  1  4  6  9  0
1 -7  1  3  5  0
1 -11   1   3   4   0
1  -7   1   2  15   0
1   1   2   9  11   0
1 -12   1   2   8   0
