p wcnf 15 180 181
1  -1  -2   5  13   0
1  -1  -3 -15  14   0
1  -1  -4 -13 -14   0
1  -1  -4 -14   7   0
1  -1  -6  12  13   0
1  -1  -6   8  14   0
1  -1  -9 -10 -12   0
1  -1  -9 -11 -12   0
1  -1 -12 -14  15   0
1  -1 -10 -14   8   0
1  -1 -14   8  11   0
1  -1 -13 -14   6   0
1  -1   5   8  15   0
1 -1 -5 -7  4  0
1 -1 -6 -9  4  0
1  -1  -7 -13   4   0
1  -1 -10 -15   4   0
1  -1   4   8  11   0
1  -1  -5   3  12   0
1  -1 -12   3   9   0
1  -1 -13   3   7   0
1  -1 -11   2  12   0
1  -1 -10   2   9   0
1  -1 -13   2   6   0
1 -1 -7  2  4  0
1  -2  -3  -4 -10   0
1 -2 -4 -6  9  0
1  -2  -4  -8 -12   0
1  -2  -4 -15   8   0
1  -2  -5 -11 -13   0
1  -2  -7 -11 -14   0
1  -2  -8 -11 -13   0
1  -2  -9 -12  14   0
1  -2  -8 -13   5   0
1 -2  5  6  9  0
1  -2   4   7  10   0
1  -3  -4 -12   6   0
1  -3  -4   6  11   0
1  -3  -5 -12 -15   0
1  -3  -5 -13  10   0
1  -3  -6 -12   8   0
1  -3  -8 -10  14   0
1  -3  -8 -10   9   0
1  -3  -9 -15  11   0
1  -3 -13   9  15   0
1  -3 -12   7  11   0
1  -3 -10   6  15   0
1  -3 -11 -13   6   0
1  -3  -6   5  13   0
1 -3 -6  5  9  0
1 -3  4  5  6  0
1  -4  -5  -6  10   0
1  -4  -5 -12  15   0
1  -4  -5   8  10   0
1  -4  -5 -13   6   0
1 -4 -6  8  9  0
1  -4  -7 -11  13   0
1  -4 -12  10  14   0
1  -4   9  14  15   0
1  -4  -8   5  11   0
1  -4 -11   5  13   0
1  -4 -11   5   6   0
1  -5  -6 -12  11   0
1  -5  -7  -8 -14   0
1  -5  -7 -12  13   0
1  -5  -8 -10 -11   0
1  -5 -12 -14 -15   0
1  -5 -13 -15  11   0
1  -5  10  11  13   0
1  -5 -15   9  13   0
1  -5 -11   8   9   0
1  -5 -11   6  14   0
1  -5 -15   6  13   0
1  -6  -8 -13  14   0
1  -6  -8  14  15   0
1  -6  -9 -12 -13   0
1  -7  -8 -12  15   0
1  -7  -9 -12  11   0
1  -7 -15  10  14   0
1  -7   9  11  15   0
1  -8  -9 -12  15   0
1  -8 -11 -12  13   0
1  -8 -11 -14  13   0
1  -8  10  12  13   0
1  -8 -10 -15   9   0
1  -8   9  10  14   0
1  -9 -12 -14 -15   0
1  -9 -13 -14 -15   0
1 -10 -11 -14  12   0
1 -10 -13 -14  12   0
1 -10  11  12  15   0
1  -8 -15   7  12   0
1  -9 -11 -14   7   0
1  -9 -12   7  15   0
1   7   8  13  14   0
1   7   8  11  13   0
1 -7  6  8  9  0
1  -9 -14 -15   6   0
1  -9 -14   6  13   0
1 -12   6   7  14   0
1  -7   5   8  13   0
1  -9   5  13  15   0
1 -13   5   8   9   0
1  -6  -7   4  12   0
1  -6  -8   4  10   0
1  -7 -13   4  11   0
1  -8   4  11  15   0
1 -12   4   9  11   0
1   4   7  11  14   0
1  -8   4   6  11   0
1  -4 -12 -14   3   0
1 -5 -9  3  6  0
1  -6  -7   3  13   0
1  -7 -11   3  14   0
1  -8 -10   3  15   0
1  -8   3   9  10   0
1 -12   3  11  13   0
1 -14 -15   3   7   0
1  -8 -14   3   5   0
1  -8   3   4  10   0
1  -9 -13   3   4   0
1 -10   3   4   7   0
1  -3  -5 -12   2   0
1  -3 -11   2   8   0
1 -4 -5 -8  2  0
1  -4 -10   2  14   0
1 -5 -8  2  9  0
1  -5 -10   2  13   0
1  -7 -11 -15   2   0
1 -11   2   9  10   0
1   2   7  11  12   0
1  -8 -13   2   6   0
1 -11   2   6   8   0
1  -7 -15   2   5   0
1  -6   2   4  10   0
1 -14   2   4  10   0
1  -7 -11   2   3   0
1   2   3   8  13   0
1  -2  -9   1  10   0
1  -2 -12 -14   1   0
1  -2   1   3  13   0
1  -3  -8 -13   1   0
1  -3  -9 -14   1   0
1  -3   1   8  12   0
1  -3 -10   1   7   0
1 -4 -5 -9  1  0
1  -4  -6 -11   1   0
1  -4  -8 -15   1   0
1  -4 -15   1  11   0
1  -4   1   8  11   0
1 -4 -7  1  5  0
1  -5  -9 -15   1   0
1 -5 -9  1  7  0
1  -6 -12   1  14   0
1 -10   1  11  13   0
1 -11 -14   1  13   0
1 -13   1   9  15   0
1   1   9  12  13   0
1  -9 -11   1   8   0
1   1   7   9  14   0
1   1   6  12  15   0
1   1   6   7  15   0
1 -6 -8  1  5  0
1  -6   1   5  11   0
1  -6 -12   1   4   0
1  -7   1   4  14   0
1 -13   1   4   6   0
1   1   4   6  12   0
1 -4 -7  1  3  0
1  -6 -15   1   3   0
1 -10   1   3  13   0
1 -11   1   3  12   0
1 -12   1   3  14   0
1   1   3  13  14   0
1 -15   1   3   7   0
1  -3 -10   1   2   0
1  -7   1   2  13   0
1 -15   1   2  12   0
1   1   2  10  14   0
1  1  2  3  5  0
