p wcnf 15 179 180
1  -1  -2  -7 -12   0
1  -1  -2  -8 -11   0
1  -1  -2 -14   7   0
1 -1 -2  4  7  0
1 -1 -2  3  4  0
1 -1 -3 -5  4  0
1 -1 -4 -7 -8  0
1 -1 -4  6  9  0
1  -1  -5  -7  10   0
1  -1  -5 -13   9   0
1 -1 -5  7  9  0
1  -1  -6  -9 -11   0
1  -1  -6 -11  15   0
1  -1  10  11  12   0
1  -1 -11 -15   8   0
1  -1  -8   7  13   0
1 -1 -7  6  8  0
1  -1  -8 -13   5   0
1  -1 -11   5  13   0
1  -1  -5 -15   4   0
1  -1 -12 -14   3   0
1 -1 -3 -5  2  0
1  -1  -4 -13   2   0
1 -2 -3 -4 -9  0
1 -2 -3 -4  6  0
1 -2 -3 -7  5  0
1  -2  -3 -12   4   0
1 -2 -4 -6 -9  0
1  -2  -4 -13 -14   0
1  -2  -4 -10   8   0
1  -2  -6 -10  12   0
1  -2  -6 -11 -13   0
1  -2  -6 -15  14   0
1  -2  -6   8  14   0
1  -2  -6   7  14   0
1  -2  -9 -13  11   0
1  -2  11  12  14   0
1  -2 -10   9  11   0
1  -2 -12   8  10   0
1  -2 -10 -12   6   0
1  -2 -11   6  10   0
1  -2 -13   6   7   0
1  -2 -12 -15   5   0
1  -2  -6 -10   3   0
1 -2 -6  3  7  0
1  -3  -6  -9  11   0
1  -3  -7  -9  14   0
1  -3  -7 -11  15   0
1  -3  -8 -11 -15   0
1  -3  -9  12  15   0
1  -3  -9 -13   7   0
1  -3   7  13  15   0
1  -3  -8   5  10   0
1  -3 -13 -14   5   0
1  -3   5   8  15   0
1 -3 -6 -8  4  0
1  -4  -5 -11  15   0
1  -4  -6 -11  14   0
1  -4  -6 -15   8   0
1  -4  -7 -15  12   0
1  -4  -8 -11 -15   0
1  -4 -15  11  12   0
1  -4 -13   8  15   0
1  -4  -9   7  11   0
1  -4 -15   7  10   0
1  -4 -10 -12   6   0
1  -4  -7   5  11   0
1 -4 -7  5  9  0
1  -4 -14   5  13   0
1  -5  -6  11  13   0
1  -5  -6   7  11   0
1  -5  -7  11  14   0
1  -5  -7  10  15   0
1  -5  -8 -11  10   0
1  -5  -9 -14   8   0
1  -5   8  10  12   0
1  -5   7  10  13   0
1  -5   6  13  15   0
1  -5 -14   6   8   0
1  -5   6   8  15   0
1  -6  -7  -8  13   0
1  -6 -10  12  14   0
1  -6 -11 -14 -15   0
1  -6 -12 -14   9   0
1  -6 -14   9  12   0
1  -6 -10   7  11   0
1  -6 -14   7  10   0
1  -7  -8  -9  10   0
1  -7  -8  14  15   0
1  -7 -10 -12 -14   0
1  -7 -10 -14  13   0
1  -7 -13  12  15   0
1  -7 -10 -11   9   0
1  -9 -10 -15  12   0
1  -9 -12  10  11   0
1 -12   9  11  14   0
1  -9 -13   7  15   0
1 -13 -15   7  14   0
1  -7   6  10  13   0
1  -8   6  12  15   0
1  -9 -12   6  13   0
1  -6 -13   5  11   0
1  -9 -10 -13   5   0
1 -10   5   9  12   0
1   5   9  10  15   0
1  -9   5   8  10   0
1   5   8  12  13   0
1 -12   5   8  11   0
1  -5  -7   4  10   0
1  -5   4   9  15   0
1  -9 -11   4  13   0
1   4  12  13  15   0
1 -11   4   8  13   0
1 -14   4   8  13   0
1  -8   4   7  12   0
1  -9 -11   4   7   0
1  -8 -15   4   6   0
1   4   6   9  15   0
1  -4  -8 -11   3   0
1  -4 -12   3   7   0
1  -4   3   5  13   0
1  -5  -6   3  10   0
1  -6  -7   3  10   0
1  -6 -12   3  15   0
1 -10   3  12  15   0
1   3   9  10  14   0
1 -10   3   8  14   0
1 -11   3   8  12   0
1 -12   3   8  10   0
1 -10   3   5  11   0
1 -15   3   5  10   0
1 -15   3   5   8   0
1 -11   3   5   7   0
1  -8 -13   3   4   0
1 -14   3   4  13   0
1   3   4  13  14   0
1 -12   3   4   7   0
1  -3  -9 -14   2   0
1  -4  -5   2  10   0
1  -4 -12   2   9   0
1  -4 -13   2   9   0
1 -5 -7 -9  2  0
1  -5 -14   2   8   0
1 -6 -7 -8  2  0
1 -10 -15   2   8   0
1 -13   2   8  12   0
1   2   8   9  13   0
1 -14   2   6  15   0
1 -15   2   6  13   0
1   2   6   9  15   0
1  2  6  7  8  0
1  -8 -10   2   5   0
1   2   5   7  15   0
1 -8  2  5  6  0
1  -6 -14   2   4   0
1   2   4   6  11   0
1  -2 -12   1  15   0
1  -2 -15   1  10   0
1 -2 -8  1  7  0
1 -2 -7  1  6  0
1  -3  -6   1  12   0
1  -4  -5 -10   1   0
1  -4  -6 -10   1   0
1  -4  -9 -14   1   0
1  -4   1  12  13   0
1  -5  -8   1  14   0
1  -6 -10   1   9   0
1  -7  -8 -15   1   0
1  -7 -12   1   8   0
1  -7 -12   1   6   0
1   1   6   7  13   0
1  -8   1   5  14   0
1 -12   1   5  11   0
1 -4  1  3  5  0
1  -9   1   3  11   0
1  1  3  8  9  0
1 -3 -4  1  2  0
1  -7 -14   1   2   0
1 -13   1   2   3   0
