p wcnf 15 179 180
1  -1  -2 -11   4   0
1  -1  -3  -6 -12   0
1 -1 -3  7  9  0
1 -1 -3  6  9  0
1  -1  -4 -14 -15   0
1  -1  -6 -10 -11   0
1  -1  -8 -12 -14   0
1  -1  -8  13  15   0
1  -1 -14  11  15   0
1  -1 -15   9  11   0
1  -1 -12   8  15   0
1  -1   8   9  14   0
1 -1 -6 -9  5  0
1  -1  -7   5  14   0
1  -1 -12   5  10   0
1  -1   5   6  12   0
1  -1  -6   4  11   0
1  -1  -8 -15   4   0
1  -1   4   7  14   0
1 -1 -3 -9  2  0
1  -1 -11   2  10   0
1  -1   2   7  13   0
1  -2  -5  -9 -11   0
1  -2  -5   9  14   0
1  -2  -5 -15   7   0
1  -2  -6 -12 -13   0
1  -2  -7   8  13   0
1  -2  -8 -11 -13   0
1  -2  -9   8  13   0
1  -2 -11   7   9   0
1 -2 -8 -9  5  0
1  -2  -9   5  10   0
1  -2 -15   5  12   0
1  -2  -7 -12   4   0
1  -2  -8 -10   4   0
1  -2 -10   4  13   0
1  -3  -4  -6 -15   0
1  -3  -5  -6 -13   0
1  -3  -5 -15  10   0
1  -3  -5 -10   9   0
1  -3  -6  -8 -13   0
1  -3  -7   9  11   0
1  -3  -8 -11   9   0
1  -3  -8 -14   9   0
1  -3 -14   8   9   0
1  -3 -12   7  15   0
1  -3  -7 -13   4   0
1  -3  -7 -14   4   0
1  -4  -5  -7 -13   0
1  -4  -5 -14  12   0
1  -4  -5   7  12   0
1  -4  -6 -11 -14   0
1  -4  -6  10  13   0
1  -4  -6 -10   7   0
1  -4  -7 -12 -14   0
1  -4  -9 -11 -14   0
1  -4  -9 -13  10   0
1  -4 -15  11  14   0
1  -4 -15  10  12   0
1  -4   8  13  14   0
1  -4 -15   7   9   0
1  -4 -11 -15   6   0
1 -4 -9  6  7  0
1  -5  -7 -14  12   0
1  -5  -8 -12  13   0
1  -5   8  10  14   0
1  -5  -8 -14   6   0
1  -5  -8   6  11   0
1  -5 -10   6  12   0
1  -5   6  10  14   0
1  -6  -8 -11 -13   0
1  -6  -9 -14  15   0
1  -6 -11 -12  13   0
1  -6 -13   9  15   0
1  -7  -8 -15  13   0
1  -7 -11 -12  13   0
1  -7   8  13  15   0
1  -8  -9 -12 -15   0
1  -8 -10 -14 -15   0
1  -8 -10  11  13   0
1  -9 -10 -11  15   0
1  -9 -11 -12  10   0
1 -10 -11 -14  12   0
1 -10 -15  11  14   0
1  11  13  14  15   0
1 -11 -12 -14   9   0
1 -11   9  12  14   0
1 -11   9  10  14   0
1  -9 -10 -11   8   0
1  -9 -15   8  12   0
1 -12 -14   8  11   0
1 -11 -12   8  10   0
1 -15   8   9  10   0
1 -12 -13   7  15   0
1  -8  -9 -15   6   0
1 -11 -14   6  13   0
1 -11   6  12  15   0
1 -12 -15   6   9   0
1 -13   6   9  11   0
1  -7   5  12  15   0
1  -8  -9 -11   5   0
1 -11   5  13  15   0
1 -12   5  13  14   0
1 -14 -15   5  12   0
1 -15   5  10  12   0
1 -10   5   9  12   0
1 -8 -9  5  7  0
1   5   7  12  15   0
1   5   7   8  15   0
1 -14   5   6   9   0
1  -6  -7 -11   4   0
1  -6   4  13  15   0
1  -7   4   8  15   0
1  -8 -10   4  14   0
1 -10 -13 -15   4   0
1 -10 -14 -15   4   0
1 -10   4  12  14   0
1 -11   4  10  13   0
1 -11 -13   4   8   0
1   4   6   8  13   0
1  -7 -15   4   5   0
1  -4  -7 -14   3   0
1  -6   3   9  15   0
1  -7   3   8  15   0
1  -8 -10   3  11   0
1 -11   3   9  13   0
1 -15   3   8  13   0
1   3   8  12  15   0
1  -9   3   7  12   0
1 -8  3  6  9  0
1  3  6  8  9  0
1 -14   3   6   7   0
1 -6 -7  3  5  0
1 -6 -7  3  4  0
1  -3 -13   2  12   0
1  -4   2  10  11   0
1  -5  -6   2  13   0
1  -5 -10 -13   2   0
1  -5   2  11  15   0
1  -5   2   6  14   0
1  -6 -13 -14   2   0
1  -6 -13   2  15   0
1 -10   2  14  15   0
1 -10 -14   2  12   0
1   2  11  13  15   0
1 -11 -15   2  10   0
1 -10 -11   2   9   0
1 -12   2   8  13   0
1  -8   2   7  10   0
1   2   5  11  13   0
1 -13 -14   2   4   0
1  2  3  6  8  0
1  -2  -4   1  14   0
1 -2 -4  1  8  0
1 -2 -6 -8  1  0
1  -2  -7   1  10   0
1  -2  -8   1  15   0
1  -3  -8   1  12   0
1  -3  -9 -13   1   0
1  -5   1  11  13   0
1  -6 -15   1  13   0
1  -7 -13 -14   1   0
1  -7 -14 -15   1   0
1  -9   1  11  13   0
1   1  10  13  15   0
1   1   9  12  13   0
1  -8 -15   1   7   0
1 -10   1   7  11   0
1 -14 -15   1   6   0
1   1   6  13  15   0
1 -14   1   6  11   0
1  -6 -12   1   5   0
1  -9   1   4  15   0
1   1   4   7  10   0
1  -6 -13   1   3   0
1  -6   1   3  14   0
1 -12 -13   1   3   0
1 -14 -15   1   3   0
1  -8 -15   1   2   0
