p wcnf 15 180 181
1 -1 -2 -3 -7  0
1 -1 -2 -9  7  0
1 -1 -2  3  9  0
1  -1  -3 -15  11   0
1 -1 -4 -8  9  0
1  -1 -12 -15  14   0
1  -1 -12  14  15   0
1  -1  10  11  12   0
1  -1 -15   8  11   0
1  -1   8   9  10   0
1  -1 -15   7  14   0
1  -1  -6 -10   5   0
1  -1  -9   5  11   0
1  -1   4  11  12   0
1 -1 -7  4  5  0
1  -1  -7   3  10   0
1  -1  -8 -14   3   0
1  -1   3   8  10   0
1  -1   3   7  15   0
1  -1   3   6  15   0
1 -1 -4  2  5  0
1 -1 -6  2  8  0
1  -1 -10 -12   2   0
1  -1 -10   2  11   0
1  -1 -12   2  11   0
1  -2  -3  -4  14   0
1  -2  -3   8  14   0
1 -2 -3  8  9  0
1  -2  -5  10  11   0
1  -2  -5   8  12   0
1  -2  -5 -11   7   0
1  -2  -6 -14   9   0
1  -2  -7  10  11   0
1  -2  -8 -10 -14   0
1  -2  -8  11  12   0
1  -2  -9 -10 -11   0
1  -2  -9 -11 -15   0
1  -2  -9 -13 -14   0
1  -2 -10 -13  14   0
1  -2 -11 -14 -15   0
1  -2 -11 -13  10   0
1  -2 -10 -14   9   0
1 -2 -8  7  9  0
1  -2   5   9  10   0
1  -2  -7   4  15   0
1  -2  -7   4  12   0
1  -2 -15   4  14   0
1  -2 -12   4   5   0
1  -2  -5   3  11   0
1  -2  -7 -10   3   0
1  -3  -4  -5  11   0
1 -3 -4 -6  8  0
1  -3  -4  -9  10   0
1 -3 -4 -7  5  0
1  -3  -6 -11   7   0
1  -3  -7 -10  13   0
1  -3  -8  -9  15   0
1  -3 -11 -15  14   0
1  -3 -11   8  12   0
1  -3  -9   6  10   0
1  -3   5  13  14   0
1  -3  -9   4  10   0
1  -3   4  12  13   0
1  -3   4   7  15   0
1  -4  -5  11  15   0
1  -4  -5 -15  10   0
1  -4  -6  -9 -10   0
1  -4  -6 -11 -14   0
1  -4  -6 -15   9   0
1  -4 -13  12  14   0
1  -4 -15   9  14   0
1  -4  -9 -15   8   0
1  -4 -13 -15   8   0
1  -4   7  10  11   0
1  -4 -12   7   9   0
1  -4  -8 -10   6   0
1  -4   6   9  11   0
1  -4  -7 -11   5   0
1  -5  -6 -10  11   0
1  -5  -7 -12  14   0
1  -5  -9 -10  13   0
1  -5  -9  10  15   0
1  -5 -14  11  12   0
1  -6  -7 -10   8   0
1  -6  -9 -15  12   0
1  -6  -9  11  13   0
1  -6 -11 -15  14   0
1  -6   8   9  13   0
1  -6  -8 -11   7   0
1  -7  -8 -11  13   0
1  -7  10  13  14   0
1  -7 -13 -14   8   0
1  -8 -10 -11  13   0
1  -8 -11 -12 -13   0
1  -8 -11 -12  10   0
1 -10 -11 -12  14   0
1 -10 -11  12  15   0
1 -10  11  12  13   0
1 -10 -12   8  15   0
1 -11 -13   8  12   0
1 -15   8  10  12   0
1 -13   8   9  11   0
1  -8  -9   7  11   0
1  -9 -11 -15   7   0
1 -13   7   9  14   0
1 -11 -14   6  12   0
1 -14 -15   6  10   0
1   6  10  14  15   0
1 -13   6   9  12   0
1 -10   6   7  14   0
1  -6 -10   5  11   0
1  -6 -14   5   9   0
1  -7 -10 -11   5   0
1 -10 -15   5  14   0
1 -11 -13   5  12   0
1 -11 -14   5  12   0
1 -10 -13   5   8   0
1 -12   5   8  10   0
1 -13 -15   5   7   0
1 -5 -8  4  9  0
1 -5 -7  4  6  0
1  -6   4  14  15   0
1  -7 -15   4   8   0
1  -8 -11 -14   4   0
1 -10 -12   4  11   0
1 -11 -14   4  10   0
1  -7   4   5  15   0
1  -7 -15   3  10   0
1  -8 -12   3  11   0
1  -8   3   9  11   0
1   3  10  11  12   0
1   3   9  10  11   0
1  -6 -15   3   5   0
1 -14 -15   3   5   0
1 -14   3   5  11   0
1   3   5   9  14   0
1 -10   3   4  11   0
1  -3  -6 -11   2   0
1 -3 -7 -9  2  0
1  -5  -9   2  10   0
1  -6 -11 -13   2   0
1  -6 -11   2  12   0
1  -6   2  13  15   0
1  -6 -11   2   9   0
1  -7 -15   2  13   0
1  -8 -10 -11   2   0
1  -8 -11   2  12   0
1  -8   2  10  15   0
1  -9 -11   2  13   0
1 -11 -15   2   7   0
1   2   6  10  11   0
1 -11   2   6   9   0
1 -12   2   5  15   0
1  -4 -12   2   3   0
1  -7 -14   2   3   0
1   2   3  11  12   0
1 -11   2   3   6   0
1  -2  -5 -13   1   0
1  -2 -15   1  13   0
1  -3  -6   1  13   0
1  -4  -6   1  13   0
1  -5 -11 -13   1   0
1  -6 -11   1  10   0
1  -6   1   7  14   0
1  -7   1  11  14   0
1 -10 -11 -15   1   0
1 -11 -12   1  14   0
1 -14   1  10  15   0
1 -10   1   9  11   0
1  -9 -14   1   8   0
1 -12   1   7  13   0
1  -9 -12   1   5   0
1 -11   1   4  12   0
1 -12 -14   1   4   0
1   1   4  11  13   0
1  -5   1   3  14   0
1 -10   1   2  15   0
1   1   2  14  15   0
1   1   2   8  12   0
1 -12   1   2   3   0
