p wcnf 15 179 180
1  -1  -2 -12  15   0
1  -1  -2   4  10   0
1  -1  -3  -6 -14   0
1  -1  -3   9  13   0
1 -1 -3 -9  6  0
1  -1  -4  -6 -14   0
1  -1  -4   8  11   0
1  -1  -9 -14  15   0
1  -1 -11 -14  15   0
1  -1 -13  11  15   0
1  -1   8  13  14   0
1  -1 -13   7  12   0
1  -1 -10 -12   6   0
1  -1   6   7  10   0
1  -1 -12 -14   5   0
1  -1   5  11  14   0
1  -1 -11   5  10   0
1  -1 -15   4   9   0
1  -1   4   8  11   0
1  -1   4   6  15   0
1 -1 -4 -5  3  0
1 -1 -7  3  6  0
1  -1   3   5  14   0
1  -1 -14   2   4   0
1 -2 -3 -7 -8  0
1  -2  -3 -10  11   0
1  -2  -3 -14   9   0
1  -2  -3   6  15   0
1  -2  -4 -12  14   0
1  -2  -4 -12  10   0
1 -2 -5 -8  7  0
1  -2  -5   7  12   0
1  -2  -8 -12 -13   0
1  -2  -8 -13  12   0
1  -2 -12 -15  11   0
1  -2   9  10  15   0
1  -2  -9 -12   8   0
1  -2 -11   8  15   0
1  -2  -8 -15   5   0
1 -2 -5 -7  3  0
1  -3  -4  12  13   0
1  -3  -4 -10   8   0
1  -3  -5   6  13   0
1  -3  -6   9  14   0
1  -3  -7 -13   9   0
1  -3  -8 -13  12   0
1  -3 -10 -13   8   0
1  -3 -13   8  15   0
1  -3   6  11  13   0
1  -3 -11   4  12   0
1  -3   4  12  15   0
1  -4  -5   8  12   0
1  -4  -6  -7  10   0
1  -4  -8  -9 -11   0
1  -4  -8 -14  11   0
1  -4 -11   9  14   0
1  -4 -15   9  14   0
1  -4   8   9  11   0
1  -4 -14   6  12   0
1  -4   6  11  14   0
1  -5  -6 -15  14   0
1  -5  -6   7  11   0
1  -5 -13  11  15   0
1  -5  -8   7  12   0
1  -5  -8   6  15   0
1  -5 -12   6   9   0
1  -5 -15   6   8   0
1  -6  -7 -15   9   0
1  -6  -8  -9  11   0
1  -6  -8  13  14   0
1  -6 -11 -13 -15   0
1  -6 -11 -15  13   0
1  -6  -9 -14   8   0
1  -6 -11   8  13   0
1  -6 -13   7   8   0
1  -7  -9 -11  10   0
1  -7 -10   9  13   0
1  -7 -11   8  15   0
1  -8 -11 -12  13   0
1  -8 -11 -12  10   0
1  -8 -13 -14   9   0
1  -9 -13 -15  12   0
1 -10 -11 -13  12   0
1 -10 -14 -15  11   0
1 -11 -12 -13  10   0
1 -14  10  11  12   0
1 -12   9  11  14   0
1 -11   8   9  12   0
1   8   9  13  15   0
1  -9 -14   7  10   0
1 -11 -13   7  12   0
1  -7  -9   6  14   0
1  -7 -11   6  15   0
1  -7   6   9  10   0
1 -12 -13 -14   6   0
1 -12   6   9  10   0
1 -14   6   8  11   0
1  -6  -8   5  10   0
1  -6 -12   5   7   0
1  -7   5   8  12   0
1  -8 -12   5  15   0
1 -10 -15   5  12   0
1 -13 -14   5  12   0
1 -12 -15   5   8   0
1   5   8  12  14   0
1 -15   5   8   9   0
1   5   7  10  14   0
1   5   6  12  13   0
1  -5  -8   4  10   0
1 -5  4  6  9  0
1  -6  -9   4  11   0
1  -8 -11 -14   4   0
1  -9   4  11  14   0
1 -10 -12 -13   4   0
1 -12   4   8  14   0
1 -10   4   7   9   0
1  -7   4   5  13   0
1   4   5   7  11   0
1  -4  -9   3  11   0
1  -4   3   9  13   0
1 -4  3  6  7  0
1  -5  -6 -13   3   0
1  -8 -10   3  14   0
1  -8 -12 -13   3   0
1   3   7   8  11   0
1 -10   3   6   9   0
1 -12   3   6   7   0
1   3   5  12  14   0
1  3  5  6  9  0
1 -11   3   4  15   0
1  -3  -5 -12   2   0
1  -3 -14   2  12   0
1  -4  -8 -15   2   0
1  -4  -9 -13   2   0
1  -5   2  14  15   0
1  -6 -12 -13   2   0
1  -7 -11   2  12   0
1  -8  -9   2  14   0
1  -9 -12 -15   2   0
1   2   8  12  14   0
1   2   8  10  11   0
1 -8 -9  2  7  0
1  -8 -11   2   7   0
1  -9   2   6  11   0
1 -11 -13   2   6   0
1   2   5   6  15   0
1 -4  2  3  6  0
1  -9   2   3  12   0
1 -2 -5 -6  1  0
1  -2  -5 -12   1   0
1  -2  -8   1  11   0
1  -3  -4   1  12   0
1 -3 -6  1  9  0
1  -3 -10 -11   1   0
1  -4  -5   1  11   0
1 -4 -6  1  8  0
1  -4  -7 -12   1   0
1  -4  -8   1  10   0
1  -4  -9   1  10   0
1 -5 -6  1  7  0
1  -5 -12   1   9   0
1  -6  -8 -13   1   0
1  -6 -10   1  15   0
1  -7 -10   1  13   0
1  -7 -13   1  15   0
1  -8 -13 -15   1   0
1   1  12  14  15   0
1   1   9  11  15   0
1  -8   1   7  12   0
1 -12 -14   1   7   0
1   1   7  10  11   0
1   1   7   8  13   0
1 -7  1  5  6  0
1 -6  1  4  5  0
1 -6 -8  1  3  0
1   1   3  12  15   0
1   1   3   6  14   0
1 -3 -8  1  2  0
1  -3   1   2  14   0
