p wcnf 20 180 181
1  -1  -3 -13   0
1  -1 -11 -17   0
1  -1 -13  18   0
1  -1  12  18   0
1  -1 -16  10   0
1  -1 -11   6   0
1  -1   6  18   0
1 -1  6  7  0
1  -1   5  20   0
1  -1   5  18   0
1  -1   4  16   0
1 -2 -3 -8  0
1 -2 -3  4  0
1  -2  -5  10   0
1  -2  -8  11   0
1  -2 -10 -18   0
1  -2 -13 -14   0
1  -2 -19  18   0
1  -2 -10   7   0
1  -2 -14   6   0
1 -3 -4 -7  0
1  -3  -5  20   0
1  -3  -6  18   0
1 -3 -6  8  0
1  -3  -7 -17   0
1  -3  -9 -15   0
1  -3 -11 -20   0
1  -3 -11  14   0
1  -3 -12 -14   0
1  -3 -15 -17   0
1  -3 -15  18   0
1  -3 -20  15   0
1  -3  12  20   0
1  -3  11  20   0
1  -3  11  14   0
1  -3 -13   8   0
1  -3   8  19   0
1  -3   8  12   0
1  -3 -10   7   0
1  -4  -7 -12   0
1  -4 -12 -18   0
1  -4 -13 -16   0
1  -4 -19  16   0
1  -4  16  19   0
1  -4 -18  12   0
1  -4 -11   6   0
1  -5  -6  13   0
1  -5 -16  18   0
1  -5 -20  12   0
1  -5 -13  11   0
1  -5 -17   9   0
1  -6  -7  10   0
1  -6  -8 -12   0
1  -6 -11 -19   0
1  -6 -14  17   0
1  -6 -20  14   0
1  -6  13  20   0
1  -6  13  16   0
1  -6  12  16   0
1  -7  -8 -20   0
1  -7  -8  13   0
1  -7 -11 -13   0
1  -7 -11 -20   0
1  -7 -13  18   0
1  -7 -14 -17   0
1  -7  16  18   0
1  -8 -15 -19   0
1  -8 -16  12   0
1  -8 -19  12   0
1  -9 -16 -17   0
1 -10 -14 -17   0
1 -10  16  19   0
1 -10  11  13   0
1 -11 -20  18   0
1 -11  17  18   0
1 -11  14  18   0
1 -11  14  15   0
1 -11 -19  13   0
1 -11  13  18   0
1 -11  13  17   0
1 -12  18  20   0
1 -12 -15  14   0
1 -13 -14 -15   0
1 -13 -14  19   0
1 -13 -16  17   0
1 -14 -16 -19   0
1 -17  16  18   0
1 -16 -17  13   0
1  13  18  20   0
1 -16 -17  12   0
1 -14  12  13   0
1 -15  12  13   0
1 -13 -19  11   0
1 -14 -18  11   0
1 -15  11  20   0
1  11  14  18   0
1 -12 -14  10   0
1 -14  10  13   0
1 -14   9  16   0
1   9  16  20   0
1   9  12  16   0
1 -11 -18   8   0
1 -11   8  19   0
1 -16   8  13   0
1   8  13  16   0
1   8  10  20   0
1  -8 -11   7   0
1 -11 -16   7   0
1 -19   7  10   0
1 -18   7   8   0
1   7   8  11   0
1   7   8  10   0
1  -8 -18   6   0
1  -8   6  13   0
1 -16   6  11   0
1   6  10  12   0
1 -10   6   9   0
1 -11   6   9   0
1 -15   6   9   0
1 -12   6   8   0
1   6   8  11   0
1  -6 -14   5   0
1  -6 -15   5   0
1  -6   5  20   0
1  -8   5  15   0
1 -10 -11   5   0
1 -10 -19   5   0
1   5  15  19   0
1   5   9  17   0
1   5   7  17   0
1   5   6  16   0
1 -14 -20   4   0
1 -17   4  16   0
1   4  10  20   0
1   4   9  17   0
1 -13   4   7   0
1  -4   3  12   0
1  -4   3  10   0
1 -5  3  6  0
1  -7 -10   3   0
1  -8   3  15   0
1  -9 -14   3   0
1 -10   3  13   0
1 -11   3  13   0
1   3  15  16   0
1   3  13  17   0
1 -20   3  10   0
1   3  10  20   0
1 -13   3   6   0
1 -18   3   5   0
1   3   4  20   0
1  -3   2  16   0
1  -5   2  20   0
1 -8 -9  2  0
1  -8 -15   2   0
1  -9   2  14   0
1 -13   2  20   0
1 -19   2  18   0
1   2  17  20   0
1 -20   2  15   0
1   2  14  20   0
1 -19   2  13   0
1 -16   2  12   0
1   2   8  18   0
1  2  5  7  0
1  2  4  8  0
1   2   3  12   0
1  -2 -12   1   0
1  -4   1  18   0
1  -5   1  17   0
1 -7 -9  1  0
1  -8 -20   1   0
1  -8   1  10   0
1  -9   1  16   0
1 -10   1  16   0
1 -12 -13   1   0
1 -14   1   6   0
1   1   5  17   0
1  1  4  5  0
1 -9  1  2  0
