p wcnf 20 178 179
1 -1 -5 -7  0
1  -1  -6  11   0
1  -1  -8 -13   0
1  -1  -8  13   0
1  -1  -9  15   0
1  -1  -9  14   0
1  -1 -14 -17   0
1  -1 -15 -19   0
1  -1 -17  18   0
1  -1  14  17   0
1  -1 -17  11   0
1  -1  10  17   0
1  -1   9  17   0
1 -1 -9  8  0
1  -1   8  20   0
1  -1 -14   5   0
1  -1 -17   4   0
1  -1 -14   3   0
1  -1   3  14   0
1 -1  2  7  0
1 -2 -3 -9  0
1  -2  -4  14   0
1  -2  -5 -15   0
1  -2  -6 -20   0
1  -2  -8  12   0
1  -2  -9 -18   0
1  -2 -11  13   0
1  -2 -13 -19   0
1  -2   9  17   0
1  -2 -13   7   0
1  -2   5  10   0
1  -2   4  16   0
1  -3  -9 -15   0
1  -3 -10  17   0
1  -3  11  15   0
1  -3   8  20   0
1  -3   7  16   0
1  -3   5  16   0
1 -4 -6 -7  0
1  -4 -13  14   0
1  -4 -14  17   0
1  -4 -20  16   0
1  -4 -15  12   0
1  -4  12  17   0
1  -4 -16   9   0
1  -4 -12   6   0
1  -5  -7  11   0
1  -5 -10 -12   0
1  -5 -14 -17   0
1  -5 -14  19   0
1  -5  11  14   0
1  -5  11  12   0
1  -5 -19  10   0
1  -5 -20   8   0
1  -6  -8 -16   0
1  -6  -8  10   0
1  -6  -9 -13   0
1  -6  -9  13   0
1  -6 -16  12   0
1  -6 -17   9   0
1  -7  -8  11   0
1  -7 -10  11   0
1  -7 -12  16   0
1  -7  15  17   0
1  -7  12  13   0
1  -8  -9  12   0
1  -8 -11 -13   0
1  -8 -12 -19   0
1  -8  17  18   0
1  -8  15  19   0
1  -9 -15  13   0
1  -9  12  14   0
1 -10 -11 -16   0
1 -10 -11  13   0
1 -10 -14  16   0
1 -10 -19  17   0
1 -10  15  16   0
1 -11 -12 -13   0
1 -11 -13 -19   0
1 -11  13  19   0
1 -12  16  19   0
1 -13 -15  18   0
1 -13 -18  19   0
1 -13  17  18   0
1 -14 -17  19   0
1 -14 -18  16   0
1 -16 -20  17   0
1 -15  14  19   0
1 -15  13  19   0
1 -17  13  19   0
1 -20  13  17   0
1 -16  13  14   0
1 -15  12  16   0
1 -12  11  18   0
1 -14 -20  11   0
1 -14  11  16   0
1 -19  11  16   0
1 -17  11  14   0
1  11  14  17   0
1 -20  11  12   0
1 -14  10  12   0
1 -11 -14   9   0
1 -13 -15   9   0
1 -15   9  18   0
1 -18   9  14   0
1 -10 -13   8   0
1 -10   8  13   0
1 -10   8  11   0
1 -11   8  13   0
1 -17 -20   8   0
1 -15   8  12   0
1   7  14  18   0
1   7  13  19   0
1 -18   7  10   0
1   7   9  17   0
1  -7   6  11   0
1 -10   6  13   0
1 -10   6  12   0
1 -12 -17   6   0
1 -13 -19   6   0
1 -18   6  19   0
1 -18   6  14   0
1 -16   6   7   0
1  -8 -12   5   0
1 -20   5  16   0
1   5  13  18   0
1 -13   5  12   0
1 -18   5  11   0
1   5  10  11   0
1   5   8  15   0
1  -6 -20   4   0
1 -12 -17   4   0
1 -19   4  11   0
1 -20   4   9   0
1 -18   4   5   0
1 -4  3  6  0
1  -5   3  15   0
1 -5  3  8  0
1 -14   3  13   0
1   3  10  11   0
1   3   8  17   0
1   3   6  16   0
1   3   4  18   0
1  3  4  5  0
1  -3 -20   2   0
1  -3   2  19   0
1 -3  2  7  0
1  -7 -12   2   0
1 -10   2  17   0
1 -10   2  15   0
1 -11 -19   2   0
1 -14 -19   2   0
1 -20   2  19   0
1   2  13  20   0
1   2   7  18   0
1 -8  2  6  0
1 -11   2   6   0
1  2  6  9  0
1  2  6  7  0
1 -8  2  3  0
1  2  3  7  0
1 -2 -8  1  0
1  -5 -14   1   0
1  -5   1  10   0
1  -7   1  11   0
1 -15   1  18   0
1 -19   1  13   0
1   1  12  16   0
1   1  11  12   0
1 -18   1   6   0
1   1   6  15   0
1  1  5  8  0
1 -9  1  4  0
1 -19   1   4   0
1   1   4  17   0
1 -15   1   3   0
1  1  3  9  0
1 -5  1  2  0
