p wcnf 20 180 181
1  -1  -4 -20   0
1  -1  -7  19   0
1  -1  -8 -16   0
1  -1 -10  18   0
1  -1 -11  16   0
1  -1 -12 -14   0
1  -1 -12 -20   0
1  -1 -14 -16   0
1  -1 -15 -18   0
1  -1 -10   6   0
1  -1 -17   3   0
1  -2  -7  20   0
1  -2  -7  14   0
1 -2 -7  9  0
1  -2  -8 -15   0
1  -2  -8  10   0
1  -2  -9 -10   0
1  -2 -14 -15   0
1  -2 -15  11   0
1  -2   9  13   0
1  -2 -20   8   0
1  -2   8  11   0
1 -2 -8  7  0
1  -2   3  10   0
1  -3  -4  17   0
1 -3 -4  6  0
1  -3  -5  16   0
1  -3  -8 -10   0
1  -3  -9 -15   0
1  -3 -11  20   0
1  -3 -14 -18   0
1  -4  -6 -12   0
1  -4  -6  19   0
1  -4  -8  14   0
1  -4 -11 -12   0
1  -4 -14  15   0
1  -4 -18  16   0
1  -4   7  16   0
1  -5  -9 -17   0
1  -5 -12 -13   0
1  -5 -13 -16   0
1  -5 -13  18   0
1  -5  16  20   0
1  -5 -11  10   0
1  -5 -14   9   0
1  -5 -18   8   0
1  -6 -17 -18   0
1  -6  18  20   0
1  -6 -19  14   0
1  -6 -19  13   0
1  -6 -13  12   0
1  -7 -12  19   0
1  -7 -17  16   0
1  -7 -14  13   0
1  -7  13  18   0
1  -7  12  19   0
1  -7  12  16   0
1 -7 -9  8  0
1  -8 -11  17   0
1  -8 -13  17   0
1  -8 -14 -15   0
1  -9 -11  20   0
1  -9 -11  19   0
1  -9  14  20   0
1 -10 -15  16   0
1 -10  14  16   0
1 -11 -14  19   0
1 -11 -15  20   0
1 -11 -17  18   0
1 -12 -16 -20   0
1 -12  16  17   0
1 -12 -15  13   0
1 -12 -17  13   0
1 -13 -16  18   0
1 -14 -18  20   0
1 -15 -16  18   0
1 -17 -18 -20   0
1 -17 -18  20   0
1 -17 -20  19   0
1 -16  15  19   0
1 -17  15  20   0
1 -18 -20  14   0
1 -15 -19  13   0
1 -15 -20  13   0
1  13  15  20   0
1 -15  12  20   0
1  12  15  20   0
1 -15  11  17   0
1 -12 -18  10   0
1 -13  10  18   0
1 -14 -20  10   0
1 -10 -14   9   0
1 -17   8  18   0
1   8  11  12   0
1   8  10  11   0
1  -8 -11   7   0
1  -9 -16   7   0
1 -12 -13   7   0
1 -15   7  13   0
1   7  10  11   0
1  -8   6  16   0
1 -10 -17   6   0
1 -11   6  17   0
1 -12   6  14   0
1 -17   6  14   0
1   6  11  14   0
1   6  10  14   0
1  -7   5  10   0
1  -8 -11   5   0
1  -8 -12   5   0
1  -8   5  17   0
1  -8   5  11   0
1  -9 -20   5   0
1  -9   5  15   0
1 -11 -19   5   0
1 -13   5  19   0
1 -14   5  15   0
1 -15   5  16   0
1   5  15  19   0
1 -18   5  12   0
1   5   9  20   0
1 -11   5   8   0
1 -18   5   8   0
1  -5 -13   4   0
1  -8 -12   4   0
1 -8  4  9  0
1   4  12  19   0
1 -20   4   9   0
1   4   8  18   0
1  4  6  8  0
1   4   5  10   0
1  4  5  6  0
1  -7 -20   3   0
1 -12   3  13   0
1 -17 -18   3   0
1   3  16  18   0
1   3  13  18   0
1   3   9  19   0
1   3   9  15   0
1 -3 -8  2  0
1  -3   2  16   0
1 -4 -7  2  0
1 -5 -6  2  0
1  -6 -19   2   0
1  -8 -14   2   0
1  -8   2  18   0
1  -8   2  11   0
1 -11 -19   2   0
1   2  18  20   0
1   2  18  19   0
1   2  17  20   0
1 -19   2  14   0
1 -14   2  11   0
1   2  11  20   0
1   2  11  16   0
1   2  10  16   0
1 -19   2   6   0
1 -20   2   6   0
1 -15   2   3   0
1  -2 -16   1   0
1  -2 -18   1   0
1  -3   1  20   0
1 -5 -7  1  0
1  -5 -19   1   0
1 -7  1  9  0
1  -8 -20   1   0
1  -9 -19   1   0
1  -9   1  20   0
1 -10   1  20   0
1 -10   1  12   0
1 -12 -17   1   0
1 -13   1  20   0
1   1  18  20   0
1   1  14  15   0
1 -18   1  13   0
1 -18   1   7   0
1 -12   1   6   0
1 -15   1   6   0
1 -3  1  2  0
1 -16   1   2   0
