p wcnf 20 178 179
1 -1 -2  6  0
1 -1 -3 -5  0
1  -1  -6  19   0
1  -1  -6  15   0
1 -1 -6  7  0
1  -1  -7 -13   0
1  -1  -9 -10   0
1  -1  -9  20   0
1  -1 -11  20   0
1  -1  17  18   0
1  -1 -18  14   0
1  -1   9  13   0
1 -1 -8  4  0
1  -1 -11   4   0
1 -1  3  5  0
1  -1   2  20   0
1 -1  2  3  0
1  -2  -3  14   0
1  -2  -5 -15   0
1  -2  -5  15   0
1  -2  -6 -10   0
1  -2  -6 -18   0
1  -2  -6  12   0
1  -2 -11  17   0
1  -2 -13  18   0
1  -2 -16  19   0
1  -2  14  15   0
1  -2 -15  12   0
1  -2 -13   8   0
1  -2   8  19   0
1 -2  8  9  0
1  -2   6  16   0
1 -2 -5  3  0
1  -2   3  16   0
1 -3 -4  6  0
1  -3  -8 -16   0
1  -3 -11 -12   0
1  -3 -16  20   0
1  -3  17  20   0
1  -3   4  19   0
1  -4  -5 -10   0
1  -4 -10  11   0
1  -4  14  16   0
1  -4  14  15   0
1  -4 -20  13   0
1  -4 -20  10   0
1  -4 -17   9   0
1  -4 -12   8   0
1  -4   6  10   0
1  -5 -10  13   0
1  -5 -16  18   0
1  -5 -17  16   0
1  -5  12  13   0
1 -6 -7 -8  0
1  -6  -8 -16   0
1  -6  -8 -19   0
1  -6  -9  12   0
1  -6 -13  14   0
1  -6 -14  20   0
1  -6 -15 -19   0
1  -6  13  15   0
1  -6 -15  12   0
1  -6   9  20   0
1  -6   8  14   0
1  -7  -9  11   0
1  -7 -12 -16   0
1  -7 -13  16   0
1  -7 -13  10   0
1  -7   8  11   0
1  -8 -10  12   0
1  -8 -20  16   0
1  -8  14  18   0
1  -8 -17  13   0
1  -8  13  14   0
1  -8 -15  10   0
1  -8  10  15   0
1  -9 -10 -17   0
1  -9 -10 -19   0
1  -9 -20  14   0
1  -9  12  18   0
1  -9 -17  10   0
1 -10 -13  19   0
1 -10 -18  19   0
1 -10  18  20   0
1 -10 -12  11   0
1 -10  11  13   0
1 -11 -14 -15   0
1 -11 -20  17   0
1 -11 -13  12   0
1 -12 -13 -16   0
1 -13 -14  15   0
1 -13 -15 -19   0
1 -13  14  18   0
1 -14 -17  18   0
1 -14  16  20   0
1 -15 -16 -18   0
1 -15 -16  19   0
1  17  19  20   0
1 -19  13  18   0
1  11  12  20   0
1 -17 -18  10   0
1 -17 -18   9   0
1 -15   9  11   0
1 -10 -12   8   0
1 -11   8  13   0
1 -14   8  16   0
1   8  17  18   0
1   8  12  19   0
1 -16   8  11   0
1  -8   7  18   0
1 -11 -14   7   0
1 -12 -15   7   0
1 -12   7  16   0
1 -13 -14   7   0
1 -15   7  19   0
1 -15   7  14   0
1 -20   7  14   0
1   7   9  12   0
1 -12   7   8   0
1   7   8  17   0
1  -7 -12   6   0
1 -14 -18   6   0
1 -15 -20   6   0
1   6  15  16   0
1 -19   6  13   0
1   6  13  15   0
1 -13   6   8   0
1 -14   6   7   0
1 -17   6   7   0
1 -6  5  8  0
1  -7 -17   5   0
1 -10   5  13   0
1 -11   5  16   0
1 -15   5  20   0
1 -17   5  16   0
1   5  12  19   0
1 -9  5  8  0
1   5   7  13   0
1 -18   5   6   0
1  -5 -17   4   0
1  -5   4  11   0
1  -8   4  10   0
1 -11 -19   4   0
1 -10   4   6   0
1  4  6  8  0
1 -5 -6  3  0
1  -6 -13   3   0
1  -6   3  13   0
1  -9 -10   3   0
1  -9 -19   3   0
1 -10   3  18   0
1 -20   3  17   0
1   3  10  12   0
1   3   9  19   0
1 -18   3   7   0
1  -6 -11   2   0
1  -9 -14   2   0
1 -19   2  14   0
1   2  12  13   0
1 -10   2   5   0
1 -15   2   3   0
1  -3   1  20   0
1  -4 -17   1   0
1  -4   1  14   0
1  -7   1  12   0
1  -9 -17   1   0
1  -9   1  17   0
1 -11   1  19   0
1 -16   1  20   0
1 -18   1  20   0
1   1  16  17   0
1 -17   1  14   0
1   1  12  20   0
1 -17   1  11   0
1   1   9  12   0
1   1   6  19   0
1   1   6  18   0
1  1  2  3  0
