p wcnf 20 180 181
1 -1 -2  7  0
1 -1 -3  6  0
1 -1 -5 -9  0
1 -1 -8 -9  0
1  -1 -13  15   0
1  -1 -18  20   0
1  -1 -19  17   0
1  -1 -15  11   0
1  -1  10  11   0
1  -1   8  12   0
1  -1   6  14   0
1  -1   6  10   0
1 -1 -8  2  0
1 -2 -3  7  0
1  -2  -4  10   0
1  -2  -8 -18   0
1  -2 -10  20   0
1  -2 -12  15   0
1  -2 -13 -18   0
1  -2 -17  14   0
1  -2  14  20   0
1  -2  11  20   0
1  -2 -19  10   0
1  -2   8  11   0
1  -2   7  14   0
1 -2 -9  6  0
1  -2 -18   4   0
1  -2   3  17   0
1 -3 -4 -5  0
1  -3  -4 -14   0
1  -3  -4 -20   0
1  -3  -6 -17   0
1  -3  -7 -17   0
1  -3  -7  15   0
1  -3  -9 -10   0
1  -3  -9  12   0
1  -3  12  17   0
1  -3   7  20   0
1 -3  5  9  0
1  -3 -14   4   0
1  -4  -5  13   0
1  -4  -7 -15   0
1  -4  -7 -17   0
1  -4  -7  10   0
1  -4 -10 -13   0
1  -4 -13 -19   0
1  -4 -14  19   0
1  -4 -16 -20   0
1  -4 -15  13   0
1  -4 -19  12   0
1  -4 -12   5   0
1  -5  -6 -10   0
1  -5  -8 -19   0
1  -5  -8  16   0
1  -5  -8  14   0
1  -5  -9  18   0
1  -5 -17  16   0
1  -5 -18  16   0
1  -5  13  14   0
1  -5  11  13   0
1  -5 -10   9   0
1  -5 -19   9   0
1  -6  -7  15   0
1  -6  -8 -10   0
1  -6  -8 -17   0
1  -6  -8  10   0
1  -6 -15 -20   0
1  -6 -18  20   0
1  -6 -20  17   0
1  -6  15  19   0
1  -6  14  17   0
1  -6 -13   8   0
1  -6   8  16   0
1  -7 -11  16   0
1  -7 -16 -18   0
1  -7  12  14   0
1  -8  -9 -15   0
1  -8  -9 -20   0
1  -8  16  18   0
1  -8 -18  14   0
1  -8 -15  12   0
1  -8  12  19   0
1  -9 -11 -18   0
1  -9 -14 -19   0
1 -10  17  18   0
1 -10 -16  14   0
1 -10  11  19   0
1 -11 -15  18   0
1 -11 -19  20   0
1 -11 -18  16   0
1 -11 -20  15   0
1 -11 -14  13   0
1 -11  12  15   0
1 -12 -13  20   0
1 -12 -15 -19   0
1 -12  14  20   0
1 -12  14  19   0
1 -14 -16  15   0
1 -15 -20  18   0
1 -17 -20  18   0
1 -18 -19 -20   0
1  13  19  20   0
1 -19  13  16   0
1 -14  12  17   0
1  12  13  16   0
1 -14 -19  11   0
1 -17 -19  11   0
1 -18 -20  11   0
1 -11 -16  10   0
1 -14  10  16   0
1 -15  10  19   0
1 -18  10  20   0
1   9  18  20   0
1   9  12  16   0
1 -14   9  10   0
1 -14 -15   8   0
1 -14 -16   8   0
1   8  12  17   0
1 -14   8   9   0
1  -9 -20   7   0
1 -12   7  13   0
1 -13 -14   7   0
1 -15 -18   7   0
1   7  13  14   0
1  -7 -17   6   0
1 -19 -20   6   0
1 -19   6  17   0
1   6  12  19   0
1 -16   6   9   0
1   6   9  12   0
1 -11   5  20   0
1 -18   5  11   0
1   5   8  14   0
1   5   8  13   0
1 -5  4  9  0
1  -9 -11   4   0
1 -12 -14   4   0
1 -12   4  14   0
1 -13 -18   4   0
1 -19   4   8   0
1   4   7  19   0
1   4   7  18   0
1 -20   4   6   0
1 -20   4   5   0
1  -5 -15   3   0
1 -14 -15   3   0
1 -16 -20   3   0
1 -19   3  20   0
1 -15   3   9   0
1 -10   3   8   0
1   3   8  14   0
1  3  8  9  0
1   3   7  15   0
1   3   6  19   0
1   3   5  20   0
1   3   4  12   0
1  -3   2  17   0
1  -3   2  10   0
1  -5   2  20   0
1 -6  2  7  0
1  -9 -13   2   0
1 -11   2  15   0
1 -20   2  17   0
1 -18   2  11   0
1 -17   2   6   0
1 -13   2   3   0
1 -2  1  3  0
1  -3 -15   1   0
1  -4 -14   1   0
1 -4  1  6  0
1  -7   1  14   0
1  -7   1  13   0
1  -8   1  14   0
1 -10 -16   1   0
1 -12   1  20   0
1 -14 -20   1   0
1 -18 -19   1   0
1 -20   1   6   0
1 -11   1   4   0
1   1   4  14   0
