p wcnf 20 178 179
1 -1 -2 -7  0
1  -1  -3 -12   0
1  -1  -3 -16   0
1 -1 -6  9  0
1  -1  -7 -11   0
1  -1  -7  15   0
1  -1  -8 -11   0
1  -1  -9  14   0
1  -1 -12 -18   0
1  -1 -12  15   0
1  -1 -13  16   0
1  -1  18  19   0
1  -1  16  20   0
1  -1 -16  15   0
1  -1 -18  15   0
1  -1 -15  14   0
1  -1  14  17   0
1  -1  13  16   0
1  -1  12  20   0
1  -1 -13   9   0
1  -1 -15   8   0
1  -1   7  16   0
1  -1 -14   4   0
1  -1 -10   3   0
1  -1   3  17   0
1  -1 -14   2   0
1  -1   2  11   0
1 -1  2  6  0
1  -2  -4 -11   0
1  -2  -7 -18   0
1  -2  -7  11   0
1  -2  -8 -18   0
1  -2  -9 -17   0
1  -2 -11  15   0
1  -2 -13 -14   0
1  -2 -13  14   0
1  -2 -19  17   0
1  -2 -16  14   0
1  -2 -18  12   0
1  -3  -6 -12   0
1  -3  -6  14   0
1  -3  -8  11   0
1  -3  -9 -16   0
1  -3 -10 -12   0
1  -3 -14 -19   0
1  -3 -17 -18   0
1  -3 -17  20   0
1  -3 -20  16   0
1  -3  15  18   0
1  -3 -16  14   0
1  -3  13  17   0
1  -3  12  16   0
1  -3  10  16   0
1  -3 -13   4   0
1 -4 -6  7  0
1  -4  -8  20   0
1  -5  -7 -19   0
1 -5 -7  9  0
1 -5 -8 -9  0
1  -5 -12 -14   0
1  -5 -16 -19   0
1  -5 -20  18   0
1  -5 -14  10   0
1  -5 -20  10   0
1  -5 -16   8   0
1  -5   7  16   0
1  -5   7  11   0
1 -5  7  8  0
1  -6 -10 -19   0
1  -6  14  18   0
1  -6  11  12   0
1  -6 -10   9   0
1  -7 -11 -13   0
1  -7 -14 -15   0
1  -7 -15 -19   0
1  -7 -18  19   0
1  -7  11  19   0
1  -8 -10 -14   0
1  -8 -13  18   0
1  -8 -14  20   0
1  -8 -14  18   0
1  -8 -17  15   0
1  -8   9  12   0
1  -9 -11  12   0
1  -9 -13 -14   0
1  -9 -14 -19   0
1  -9  15  20   0
1  -9  12  15   0
1  -9  10  13   0
1 -10 -15  16   0
1 -10  16  18   0
1 -11 -12  13   0
1 -11 -16 -20   0
1 -11 -17 -20   0
1 -11 -17  20   0
1 -11  17  20   0
1 -11 -16  13   0
1 -12 -13 -18   0
1 -12 -15 -20   0
1 -13 -18  17   0
1 -15  18  19   0
1 -15  17  18   0
1 -16 -19 -20   0
1 -20  16  17   0
1 -19 -20  15   0
1 -17 -19  14   0
1  13  18  19   0
1 -13  12  16   0
1 -16 -17  11   0
1 -17  11  13   0
1 -18  10  13   0
1 -11 -13   9   0
1 -13 -19   9   0
1 -17 -20   9   0
1   9  13  20   0
1   9  11  16   0
1  -9   8  10   0
1 -16   8  19   0
1 -20   8  16   0
1   8  12  18   0
1  -8   7  14   0
1  -9   7  15   0
1 -11 -18   7   0
1   7  19  20   0
1   7  15  18   0
1   7  12  20   0
1 -14   6  20   0
1 -15   6  16   0
1 -15   6  11   0
1 -18   6  10   0
1   6   7  13   0
1  -6   5  14   0
1 -12 -15   5   0
1 -17   5  18   0
1 -17   5  13   0
1  -7 -18   4   0
1  -7   4  18   0
1  -9 -18   4   0
1 -11 -19   4   0
1 -16 -19   4   0
1 -19   4  17   0
1 -20   4  17   0
1 -19   4  14   0
1   4  11  13   0
1   4   7  11   0
1 -4 -8  3  0
1 -5  3  9  0
1 -5  3  7  0
1  -8 -20   3   0
1 -11 -14   3   0
1 -15   3  13   0
1 -20   3   9   0
1   3   6  10   0
1 -14   3   4   0
1 -16   3   4   0
1  -8   2  18   0
1  -9   2  10   0
1 -14 -15   2   0
1   2  14  18   0
1 -13   2   9   0
1  2  6  7  0
1 -16   2   4   0
1   2   3  16   0
1  2  3  5  0
1 -7  1  8  0
1  -8 -17   1   0
1  -9   1  19   0
1 -10   1  19   0
1 -14   1  15   0
1 -20   1  18   0
1 -18   1  15   0
1 -19   1  14   0
1 -19   1  13   0
1   1   9  18   0
1 -19   1   8   0
1 -13   1   6   0
1   1   5  19   0
1  1  4  7  0
