p wcnf 20 177 178
1  -1  -3  17   0
1 -1 -4 -7  0
1  -1 -14  18   0
1  -1 -12   8   0
1  -1 -20   7   0
1  -1   7  20   0
1 -1 -8  6  0
1  -1 -19   6   0
1  -1   6  18   0
1  -1   5  17   0
1 -2 -7  9  0
1  -2  -8  15   0
1  -2 -13  19   0
1  -2 -16  15   0
1  -2 -18  13   0
1  -2  13  19   0
1  -2  13  17   0
1  -2  12  17   0
1  -2  10  20   0
1  -2   9  18   0
1  -2 -11   8   0
1  -2   5  19   0
1 -2  5  6  0
1 -2  3  5  0
1  -3  -4 -18   0
1 -3 -6  7  0
1  -3  -7  20   0
1  -3  -8 -11   0
1  -3 -12  18   0
1  -3 -19   9   0
1  -3   9  15   0
1  -3   5  11   0
1  -3 -18   4   0
1  -4  -5 -20   0
1  -4  -6 -12   0
1  -4 -10 -12   0
1  -4 -11  14   0
1  -4 -12  17   0
1  -4 -15  20   0
1  -4 -16  11   0
1  -4  10  13   0
1  -4 -10   9   0
1  -4   9  11   0
1  -4 -11   7   0
1  -4   6  17   0
1  -4   5  10   0
1  -5 -10  18   0
1  -5 -18 -20   0
1  -5 -16  15   0
1  -5  12  20   0
1  -5  12  15   0
1  -5   7  10   0
1 -6 -7 -8  0
1  -6 -13  17   0
1  -6 -15 -16   0
1  -6 -17  18   0
1  -6 -20  15   0
1  -6 -20  13   0
1  -6  10  12   0
1  -6 -15   8   0
1  -7  -8  13   0
1  -7  -9 -19   0
1  -7 -10 -13   0
1  -7 -12  17   0
1  -7 -16 -20   0
1  -7 -17  15   0
1  -7  12  18   0
1  -8 -11 -17   0
1  -8 -12 -19   0
1  -8 -19  18   0
1  -8 -17  15   0
1  -8  10  13   0
1  -8 -14   9   0
1  -9 -11  12   0
1  -9 -12  19   0
1 -10 -11  15   0
1 -10 -12  19   0
1 -10 -12  15   0
1 -12 -18  19   0
1 -12 -19  20   0
1 -13 -17  20   0
1 -15  18  20   0
1 -16 -18  19   0
1 -16 -19  20   0
1 -16 -20  19   0
1 -15 -17  12   0
1 -15  12  19   0
1  12  19  20   0
1  12  14  16   0
1  12  14  15   0
1 -12 -17  11   0
1 -18  11  15   0
1 -19  11  15   0
1 -20  10  18   0
1 -13   9  15   0
1 -14   9  17   0
1 -15   9  17   0
1   9  12  15   0
1 -13   9  10   0
1  -9   8  10   0
1 -10 -14   8   0
1 -11   8  18   0
1   8  12  13   0
1  -9 -17   7   0
1  -9 -20   7   0
1   7  17  20   0
1   7  15  20   0
1 -17   7  14   0
1   7  12  17   0
1   7   8  13   0
1  -7 -12   6   0
1  -7   6  16   0
1  -8 -11   6   0
1  -8 -18   6   0
1  -8 -20   6   0
1  -8   6  13   0
1 -15   6  20   0
1 -16   6  18   0
1 -19   6  17   0
1 -13   6  12   0
1  -6 -13   5   0
1  -6 -20   5   0
1  -7 -12   5   0
1  -7 -14   5   0
1  -7   5  16   0
1 -14   5  20   0
1   5  19  20   0
1 -18   5  17   0
1   5  11  16   0
1 -16   5   7   0
1 -5 -7  4  0
1  -5 -12   4   0
1 -13 -20   4   0
1 -13   4  17   0
1 -14   4  19   0
1 -18   4  17   0
1 -19   4  12   0
1 -12   4  11   0
1   4  11  14   0
1   4   8  20   0
1  4  8  9  0
1 -6  4  5  0
1 -15   4   5   0
1  -5   3  19   0
1  -7   3  16   0
1  -7   3  13   0
1 -12   3  16   0
1 -17   3  13   0
1 -13   3  11   0
1 -14   3   9   0
1   3   8  14   0
1  3  4  7  0
1  -3   2  12   0
1 -12   2  19   0
1 -13 -17   2   0
1 -19 -20   2   0
1 -20   2  12   0
1 -15   2   9   0
1   2   9  14   0
1   2   6  18   0
1  2  6  8  0
1 -19   2   3   0
1  -2   1  10   0
1  -5 -16   1   0
1  -6   1  18   0
1 -12 -16   1   0
1 -12   1  16   0
1 -13   1  16   0
1 -14 -15   1   0
1 -16   1  19   0
1 -13   1  10   0
1   1  10  19   0
1 -19   1   8   0
1 -12   1   7   0
1   1   5  19   0
1 -5  1  4  0
1   1   4  19   0
