p wcnf 20 177 178
1  -1  -3 -18   0
1  -1  -4 -11   0
1  -1  -6  11   0
1  -1  -8 -19   0
1  -1  -8  18   0
1  -1  15  17   0
1  -1 -19  14   0
1  -1 -14   9   0
1  -1   9  12   0
1  -1 -12   8   0
1  -1   8  10   0
1  -1   3  17   0
1 -1  2  6  0
1  -2  -3  20   0
1  -2  -4  18   0
1  -2  -5  13   0
1  -2  -7 -19   0
1  -2  -7  13   0
1  -2  -8 -11   0
1  -2 -11  14   0
1  -2 -15 -19   0
1  -2 -17  20   0
1  -2 -19  18   0
1  -2 -19  17   0
1  -2 -20  14   0
1  -2  14  16   0
1  -2 -18  13   0
1  -2  12  13   0
1  -2 -13   9   0
1  -2   9  10   0
1  -2 -10   6   0
1  -2   5  20   0
1  -3  -7 -19   0
1  -3 -10 -17   0
1  -3 -11 -13   0
1  -3 -16 -17   0
1  -3 -17  20   0
1  -3  15  19   0
1  -3 -19  14   0
1  -3  12  17   0
1  -3 -18  10   0
1  -3   9  20   0
1  -3 -16   8   0
1  -3 -19   8   0
1  -4  -7  11   0
1  -4  -8 -18   0
1  -4  -9 -18   0
1  -4 -11 -12   0
1  -4 -16 -17   0
1  -4  16  17   0
1  -4  12  19   0
1  -4 -14  10   0
1  -5  -6 -12   0
1  -5  -6  12   0
1  -5  -7 -13   0
1  -5  -9  16   0
1  -5 -12 -17   0
1  -5 -12 -19   0
1  -5  13  18   0
1  -5   8  20   0
1  -5 -10   7   0
1  -6  -8  14   0
1  -6  -9 -11   0
1  -6 -10  17   0
1  -6  16  19   0
1  -7  -8 -12   0
1  -7  -9 -17   0
1  -7 -14  15   0
1  -7  16  17   0
1  -7 -14  13   0
1  -7 -18  11   0
1  -7 -13  10   0
1  -7 -13   9   0
1  -7 -15   9   0
1  -7   9  19   0
1  -8  -9  13   0
1  -8 -13 -15   0
1  -8 -16 -20   0
1  -8  16  17   0
1  -8 -18  10   0
1  -9 -14  15   0
1  -9 -16  15   0
1  -9  13  15   0
1  -9  10  14   0
1 -10 -11 -12   0
1 -10 -12 -14   0
1 -10  14  16   0
1 -11  15  19   0
1 -11 -17  14   0
1 -11  13  14   0
1 -12  13  14   0
1 -13  18  19   0
1 -13 -17  14   0
1 -15 -18  16   0
1  17  18  19   0
1 -16 -19  14   0
1 -17 -19  14   0
1  14  17  18   0
1 -12  11  19   0
1 -14  11  19   0
1  11  12  19   0
1 -10   9  16   0
1 -11 -15   9   0
1 -12 -20   9   0
1 -15   9  18   0
1   9  19  20   0
1 -16   9  11   0
1 -10   8  17   0
1 -10   8  11   0
1 -13 -15   8   0
1   8  13  14   0
1   8  10  15   0
1  -8 -19   7   0
1 -10   7  16   0
1 -12 -17   7   0
1 -15   7  11   0
1  -9 -15   6   0
1 -11   6  15   0
1 -12 -19   6   0
1 -14   6  18   0
1 -17   6  18   0
1 -20   6  18   0
1 -16   6  15   0
1   6  11  19   0
1 -17   6   7   0
1 -7  5  8  0
1  -8 -14   5   0
1  -9   5  20   0
1 -10   5  13   0
1 -11   5  16   0
1 -13 -14   5   0
1 -13   5  16   0
1 -18 -20   5   0
1 -18   5  20   0
1   5  15  20   0
1 -10   5   6   0
1 -10 -14   4   0
1 -11 -17   4   0
1 -13 -20   4   0
1 -18 -19   4   0
1   4  11  20   0
1 -20   4   9   0
1  -5 -16   3   0
1  -9 -19   3   0
1  -9   3  11   0
1 -10   3  16   0
1 -14   3  17   0
1 -17   3  14   0
1   3  13  20   0
1   3  10  11   0
1 -17   3   6   0
1  3  5  7  0
1  -5   2  15   0
1  -5   2  13   0
1  -6   2  17   0
1 -7 -9  2  0
1  -7   2  18   0
1 -8 -9  2  0
1 -14 -17   2   0
1 -19   2  20   0
1 -20   2  17   0
1 -17   2  10   0
1 -18   2  10   0
1 -12   2   9   0
1 -13   2   7   0
1  2  6  7  0
1 -10   2   3   0
1  -3 -18   1   0
1  -6 -18   1   0
1  -9   1  12   0
1  -9   1  11   0
1   1   8  18   0
1   1   7  12   0
1   1   6  16   0
1   1   5  17   0
1 -7  1  4  0
1 -11   1   3   0
