p wcnf 20 178 179
1  -1  -4 -14   0
1  -1  -4  17   0
1  -1  -5  19   0
1  -1  -7 -12   0
1  -1 -11 -17   0
1  -1 -14  17   0
1  -1 -17 -19   0
1  -1 -15  14   0
1  -1  13  15   0
1  -1   6  19   0
1  -1 -13   4   0
1 -1  4  9  0
1  -1   3  11   0
1  -2  -5 -12   0
1  -2  -5  18   0
1 -2 -6 -7  0
1  -2  -6 -12   0
1  -2  -8  19   0
1  -2 -11 -13   0
1  -3 -11 -12   0
1  -3 -12 -20   0
1  -3 -14  17   0
1  -3 -15  16   0
1  -3  12  15   0
1  -3 -15   8   0
1 -3  7  9  0
1  -3 -17   6   0
1 -3 -5  4  0
1  -3   4  11   0
1  -4  -5  17   0
1  -4  -5  12   0
1 -4 -7 -9  0
1  -4  -9 -15   0
1  -4 -15  12   0
1  -4  12  16   0
1  -4 -17  11   0
1  -4   9  11   0
1  -4 -13   8   0
1  -4 -20   8   0
1  -4   8  12   0
1  -5  -7 -20   0
1  -5  -7  20   0
1  -5 -12 -14   0
1  -5  14  15   0
1  -5 -15   8   0
1  -5   8  19   0
1 -5 -9  7  0
1 -5  7  8  0
1  -6  -7  18   0
1  -6  -9 -17   0
1  -6 -12 -18   0
1  -6 -12  14   0
1  -6 -14  16   0
1  -6 -18  19   0
1  -6   7  14   0
1  -7 -10 -18   0
1  -7 -16 -19   0
1  -7 -16  15   0
1  -7 -18  13   0
1  -7 -11  10   0
1  -7   9  10   0
1  -8  -9 -16   0
1  -8 -13 -14   0
1  -8  16  17   0
1  -8   9  20   0
1  -9 -11 -15   0
1  -9 -11 -18   0
1  -9 -12 -18   0
1  -9 -18  19   0
1 -10  16  18   0
1 -11 -16  18   0
1 -11  15  20   0
1 -11  13  20   0
1 -11  13  14   0
1 -11  12  13   0
1 -12 -16  20   0
1 -12 -17 -19   0
1 -12 -18  14   0
1 -13 -15  16   0
1 -13 -16 -17   0
1 -13 -20  15   0
1 -16 -19  17   0
1 -19 -20  17   0
1  16  18  19   0
1 -17 -20  15   0
1 -15 -19  14   0
1 -15  14  18   0
1  14  17  19   0
1 -18  13  19   0
1  13  16  17   0
1  13  14  19   0
1 -14 -16  12   0
1 -18 -19  12   0
1  12  14  16   0
1  11  15  17   0
1 -17  11  14   0
1 -12  10  16   0
1  10  13  18   0
1  10  12  19   0
1 -14 -15   9   0
1 -14 -19   9   0
1 -19   9  17   0
1 -15   9  10   0
1 -10   8  16   0
1 -11 -15   8   0
1 -13   8  15   0
1   8  13  14   0
1 -14   8  12   0
1   8  12  13   0
1 -15   8  11   0
1 -12   8   9   0
1 -13   7  17   0
1   7  16  19   0
1   7  14  15   0
1 -15   7  13   0
1   7  12  15   0
1  -8   6  17   0
1  -9 -11   6   0
1 -10   6  17   0
1   6  17  19   0
1   6  17  18   0
1 -20   6  16   0
1 -14   6  13   0
1 -20   6  13   0
1  -6 -14   5   0
1  -7 -11   5   0
1  -7 -12   5   0
1  -8   5  12   0
1  -9   5  17   0
1   5  14  19   0
1   5  13  20   0
1   5  12  14   0
1   5   9  17   0
1 -11   5   8   0
1  -7 -11   4   0
1 -10 -20   4   0
1 -10   4  17   0
1 -11 -16   4   0
1 -14 -15   4   0
1 -17   4  15   0
1 -19   4  15   0
1 -14   4  12   0
1 -20   4  12   0
1  -4 -19   3   0
1  -6   3  10   0
1  -8   3  17   0
1 -17   3  18   0
1   3  17  19   0
1   3  17  18   0
1 -19   3  16   0
1   3  15  18   0
1 -18   3  14   0
1   3  14  15   0
1   3   5  18   0
1  -3   2  17   0
1 -3  2  7  0
1  -4   2  16   0
1  -5 -16   2   0
1  -5 -20   2   0
1  -6 -17   2   0
1  -6   2  10   0
1  -8 -10   2   0
1 -15 -16   2   0
1 -19   2  14   0
1   2  13  20   0
1   2  13  17   0
1 -16   2   3   0
1  -2 -10   1   0
1  -2 -17   1   0
1 -3  1  4  0
1  -6 -12   1   0
1  -7 -20   1   0
1  -7   1  16   0
1  -9   1  17   0
1 -11 -15   1   0
1 -16   1  17   0
1 -20   1   9   0
1   1   9  19   0
