p wcnf 20 179 180
1  -1  -2  15   0
1 -1 -2  9  0
1 -1 -3  5  0
1  -1  -4  20   0
1  -1  -7  12   0
1  -1  -8 -13   0
1  -1  -8  19   0
1  -1 -10  16   0
1  -1 -12  18   0
1  -1 -13 -17   0
1  -1  15  19   0
1  -1  13  18   0
1  -1 -18  11   0
1  -1  11  13   0
1  -2  -3  16   0
1  -2  -4  14   0
1  -2  -6 -20   0
1  -2  -8  14   0
1  -2  -9  16   0
1  -2  -9  11   0
1  -2 -10 -20   0
1  -2 -14  10   0
1  -2 -17  10   0
1 -2 -9  8  0
1  -2   6  15   0
1 -2  6  9  0
1  -2 -16   5   0
1  -2   5  10   0
1  -2   3  15   0
1  -3  -4 -14   0
1 -3 -4  5  0
1  -3  -8  16   0
1  -3 -12 -20   0
1  -3 -12  19   0
1  -3  14  19   0
1  -3 -17  11   0
1  -3 -20  11   0
1  -3 -19  10   0
1  -3   9  15   0
1  -3 -20   8   0
1  -4 -12 -13   0
1  -4 -13  18   0
1  -4 -20  14   0
1  -4  14  19   0
1  -4 -18  13   0
1  -4 -15  12   0
1  -4 -14   7   0
1  -4 -15   6   0
1 -5 -6  7  0
1  -5 -10 -20   0
1  -5 -18  15   0
1  -5 -17  14   0
1  -5 -18  14   0
1  -5 -19  14   0
1  -5  14  15   0
1  -5 -15  11   0
1  -5 -13  10   0
1  -5   9  13   0
1  -5 -12   8   0
1  -5 -11   6   0
1  -6  -7  13   0
1  -6 -12 -14   0
1  -6 -12  13   0
1  -6  10  17   0
1  -6   8  10   0
1  -6 -13   7   0
1  -7  -9 -13   0
1  -7 -15 -17   0
1  -7  18  19   0
1  -7 -17  16   0
1  -7 -19  16   0
1  -7   9  12   0
1  -8  -9 -11   0
1  -8 -10  16   0
1  -8 -15 -20   0
1  -8 -20  18   0
1  -8  13  15   0
1  -9 -11  19   0
1  -9 -15  20   0
1  -9 -18  10   0
1 -10  11  13   0
1 -11 -13  18   0
1 -11 -18  19   0
1 -11  18  19   0
1 -12 -13  15   0
1 -12 -17 -20   0
1 -12 -16  15   0
1 -13 -14  15   0
1 -18  15  19   0
1 -15 -20  14   0
1 -16 -19  14   0
1 -20  13  18   0
1 -16  13  15   0
1 -16  12  17   0
1 -12  11  16   0
1 -16  11  19   0
1 -16 -18  10   0
1 -17  10  11   0
1  10  11  13   0
1 -10 -15   9   0
1 -10   9  15   0
1 -11 -19   9   0
1   9  15  18   0
1   9  14  20   0
1   9  13  20   0
1 -13   9  12   0
1 -16   9  12   0
1   9  12  20   0
1 -15   9  11   0
1 -14   9  10   0
1   9  10  11   0
1  -9   8  14   0
1 -13   8  17   0
1 -17   8  18   0
1 -14   8  11   0
1   8  11  13   0
1 -11   7  18   0
1 -11   7  14   0
1 -12 -18   7   0
1 -13 -20   7   0
1 -15 -18   7   0
1 -15   7  18   0
1 -20   7  19   0
1 -15   7   9   0
1  -7   6  20   0
1 -12   6  19   0
1   6  15  19   0
1   6  15  18   0
1   6  13  19   0
1   6  12  18   0
1 -16   6   9   0
1 -20   6   9   0
1   6   9  14   0
1 -19   6   8   0
1   6   7  14   0
1   6   7  12   0
1  -6   5  13   0
1  -8 -10   5   0
1  -9 -14   5   0
1 -11   5  20   0
1 -17   5  18   0
1   5  14  17   0
1 -19   5   8   0
1   5   8  19   0
1 -8  5  7  0
1  -9   4  20   0
1 -10   4  19   0
1 -17   4  19   0
1 -18   4  19   0
1 -20   4   7   0
1   4   7  12   0
1  4  6  8  0
1  -4 -14   3   0
1  -5   3  19   0
1  -6 -10   3   0
1  -9 -10   3   0
1 -12 -19   3   0
1 -20   3  12   0
1 -15   3   6   0
1 -6  3  5  0
1 -17   3   5   0
1  -4   2  17   0
1  -5   2  10   0
1  -7 -16   2   0
1  -8   2  14   0
1 -11   2  18   0
1 -14   2  20   0
1 -16   2  18   0
1 -16   2  17   0
1 -20   2  14   0
1 -19   2   9   0
1   2   4  16   0
1  -4 -16   1   0
1  -5   1  15   0
1 -10 -20   1   0
1 -12   1  18   0
1   1  15  18   0
1   1   3  19   0
1 -16   1   2   0
