p wcnf 20 240 241
1  -1  -2  -7  20   0
1  -1  -2   8  17   0
1  -1  -3  -6  19   0
1  -1  -3  -6  16   0
1  -1  -4  -7 -10   0
1  -1  -4 -19   6   0
1  -1  -5  -6  15   0
1  -1  -5  12  15   0
1  -1  -5 -11   9   0
1  -1  -5   8  10   0
1  -1  -6 -15  18   0
1  -1  -8 -13 -15   0
1  -1  -8 -18 -20   0
1  -1  -8 -19  17   0
1  -1  -9 -16 -20   0
1  -1 -11  17  19   0
1  -1 -18 -20  17   0
1  -1 -16 -17  13   0
1  -1 -11  10  18   0
1  -1 -17  10  19   0
1  -1 -17  10  18   0
1  -1 -10 -19   7   0
1  -1   7   9  10   0
1  -1  -9 -18   6   0
1  -1 -15   6  19   0
1  -1   6  10  14   0
1  -1  -6   5  11   0
1  -1 -10   5  18   0
1  -1 -12 -14   4   0
1  -1   4   8  12   0
1 -1 -3  2  9  0
1  -1 -15   2  20   0
1  -1   2   3  13   0
1  -2  -4 -11 -19   0
1  -2  -5 -17 -19   0
1  -2  -6 -13  15   0
1  -2  -6 -20   8   0
1  -2  -7 -15  12   0
1 -2 -7 -9  8  0
1  -2 -10 -12 -20   0
1  -2 -10 -20  13   0
1  -2 -10 -15  12   0
1  -2 -11 -12  15   0
1  -2 -15  13  14   0
1  -2 -10 -16   6   0
1  -2   6  14  19   0
1  -2   6  11  12   0
1  -2   6   7  17   0
1  -2 -12   5  18   0
1  -2 -13   5  16   0
1  -2 -13   5  12   0
1  -2 -20   5  11   0
1  -2  -9 -20   4   0
1  -2  -5 -20   3   0
1  -2 -17   3   5   0
1  -3  -4  13  16   0
1  -3  -6 -15 -20   0
1  -3  -6  13  17   0
1  -3  -6  10  15   0
1  -3  -6 -16   8   0
1  -3 -13 -16  15   0
1  -3 -16  17  18   0
1  -3 -16 -19   9   0
1  -3  -9 -14   8   0
1  -3 -14 -17   7   0
1  -3   7  10  12   0
1  -3  -7   6  14   0
1  -3 -20   4  10   0
1  -3   4   6  11   0
1  -4  -6  -8  18   0
1  -4  -6 -19 -20   0
1  -4  -7  -8 -12   0
1  -4  -9 -12  14   0
1  -4 -10  11  15   0
1  -4 -11 -14 -18   0
1  -4  17  19  20   0
1  -4 -17  10  12   0
1  -4 -17   9  11   0
1  -4   8  10  18   0
1  -4 -11 -12   5   0
1  -4 -14   5   9   0
1  -4   5   6  20   0
1  -5  -6 -18  20   0
1  -5  -8 -16  18   0
1  -5  -8 -17  16   0
1  -5  -9 -11  18   0
1  -5 -14 -16  13   0
1  -5 -14  12  15   0
1  -5 -19 -20  12   0
1  -5 -18  10  20   0
1  -5 -15  10  14   0
1  -5  -9 -13   7   0
1  -5 -18   7  19   0
1  -5 -12   7  11   0
1  -5   7   8  15   0
1  -5 -20   6  14   0
1  -6  -7 -10 -13   0
1  -6  -7  13  16   0
1  -6  -9 -10 -18   0
1  -6  -9  11  14   0
1  -6 -17  10  12   0
1  -6 -13 -16   8   0
1  -7  -8 -18  11   0
1  -7 -17  13  19   0
1  -7 -12 -13   9   0
1  -7 -18 -20   9   0
1  -8 -10 -16  14   0
1  -8 -12 -17  13   0
1  -8 -12 -17  10   0
1  -9 -13 -20  19   0
1  -9 -13  15  20   0
1  -9 -12 -13  11   0
1 -10 -17  14  19   0
1 -11 -15 -17  20   0
1 -11 -14 -18  13   0
1 -11 -20  13  18   0
1 -12 -14 -19  17   0
1 -12 -14  17  19   0
1 -12 -19  17  20   0
1 -12  15  18  19   0
1 -13 -15  17  20   0
1 -13 -16 -20  14   0
1 -14 -16 -18 -19   0
1 -14 -20  16  19   0
1 -15 -17 -18  14   0
1 -18  13  19  20   0
1 -16  12  14  19   0
1 -12 -19  11  20   0
1 -10   9  13  19   0
1   9  14  15  19   0
1   9  13  16  17   0
1  -9   7  17  20   0
1  -9   7  16  18   0
1 -10 -13   7  20   0
1 -12 -18   7  16   0
1 -13   7  17  19   0
1   7  12  13  20   0
1 -14   7  11  13   0
1 -14 -19   7  10   0
1   7   9  11  12   0
1   7   8  14  19   0
1  -7 -13 -17   6   0
1  -8 -14   6  19   0
1  -9   6  13  20   0
1 -15 -18   6  14   0
1 -16   6  12  17   0
1 -18   6   8  14   0
1  -6 -19   5  14   0
1  -6 -10   5   8   0
1  -6 -18   5   7   0
1  -7 -10 -13   5   0
1  -8 -10 -12   5   0
1 -10 -17   5  15   0
1 -11 -13   5  14   0
1 -12 -13   5  19   0
1 -17 -20   5  19   0
1   5  12  18  19   0
1 -17   5   8  12   0
1  -5   4   8  14   0
1  -6   4   9  19   0
1  -7 -15   4  10   0
1  -8   4  15  20   0
1  -9   4  11  16   0
1 -12 -15   4  13   0
1 -14 -18   4  17   0
1   4  14  18  20   0
1 -15   4   9  19   0
1 -18   4   9  16   0
1  -8 -10   4   6   0
1  -9   4   6  19   0
1  -4   3   7  14   0
1  -5  -6 -15   3   0
1  -5  -8   3  20   0
1  -5 -10   3  11   0
1  -6 -19   3  11   0
1  -8   3  11  16   0
1  -8 -13   3  10   0
1 -10 -11   3  18   0
1 -11 -18   3  17   0
1 -13   3  14  16   0
1 -16   3  10  19   0
1 -13   3   9  14   0
1   3   8   9  14   0
1 -20   3   7  17   0
1  -8   3   6  15   0
1 -14 -18   3   6   0
1 -19   3   6  16   0
1  -6   3   5  12   0
1 -15   3   5  17   0
1   3   5  17  20   0
1  -8   3   4  13   0
1   3   4   8  10   0
1  -3 -13 -17   2   0
1  -3 -13   2  17   0
1  -3   2   4  16   0
1  -4   2   6  12   0
1  -5  -6 -15   2   0
1  -5 -12 -16   2   0
1  -6  -7 -17   2   0
1  -6 -10 -12   2   0
1  -6 -10   2   8   0
1  -7 -11 -18   2   0
1 -7  2  8  9  0
1  -8 -10 -11   2   0
1  -8 -20   2  10   0
1 -10   2  14  15   0
1   2  13  15  20   0
1 -16   2  12  17   0
1 -14   2   6  11   0
1 -10   2   5  18   0
1 -12   2   5  14   0
1 -20   2   5  15   0
1 -11 -12   2   4   0
1 -2 -6 -8  1  0
1  -3  -8 -12   1   0
1  -3 -19   1  10   0
1  -3   1   5  10   0
1  -4   1  11  13   0
1  -4 -12   1   6   0
1 -4 -7  1  5  0
1  -5 -14   1   8   0
1  -7   1   8  19   0
1 -10 -12 -13   1   0
1 -11 -13   1  16   0
1 -11   1  12  15   0
1 -12 -16   1  19   0
1 -14 -18   1  13   0
1   1  12  13  18   0
1 -11   1   7  20   0
1 -10   1   6  19   0
1 -20   1   4  11   0
1   1   4   9  18   0
1 -19   1   4   8   0
1 -16   1   4   7   0
1  -5   1   3  11   0
1  -7   1   3  11   0
1 -12 -20   1   3   0
1 -14 -17   1   2   0
1 -20   1   2  14   0
1   1   2  11  15   0
