p wcnf 20 240 241
1  -1  -2  -6  13   0
1  -1  -2 -11 -19   0
1  -1  -3 -10  16   0
1  -1  -5  -7  15   0
1  -1  -5 -12  15   0
1  -1  -5 -13 -14   0
1  -1  -5 -12   6   0
1  -1  -6   9  17   0
1  -1  -9  10  18   0
1  -1 -11 -20  18   0
1  -1 -12 -16 -20   0
1  -1 -14 -17  18   0
1  -1 -15 -16  18   0
1  -1 -15 -18  10   0
1  -1 -10   9  15   0
1  -1   7  12  19   0
1  -1  -7   6  20   0
1  -1 -12 -15   6   0
1  -1 -15   6   8   0
1  -1   6   8  16   0
1  -1  -8   4  16   0
1  -1  -7 -20   3   0
1  -1 -20   3  15   0
1  -1 -20   3  14   0
1  -1   3  12  15   0
1  -1   3  11  14   0
1  -1 -19   3   9   0
1 -1 -8 -9  2  0
1  -1   2   4  13   0
1  -2  -3 -18  13   0
1  -2  -3 -19   7   0
1  -2  -5 -14  19   0
1  -2  -5 -16  15   0
1  -2  -6  -7  18   0
1  -2  -7  -8 -20   0
1  -2 -17  13  19   0
1  -2 -19   8  15   0
1  -2   6   9  18   0
1  -2   5  15  17   0
1  -2   5   7  13   0
1  -2   4   9  14   0
1  -2  -6 -16   3   0
1  -2  -9 -13   3   0
1  -2 -11 -20   3   0
1  -2   3  12  13   0
1 -2  3  6  7  0
1  -2 -12   3   5   0
1  -3  -4  -6 -14   0
1  -3  -4  -7  18   0
1  -3  -5  -7  15   0
1 -3 -5 -8 -9  0
1  -3  -5  -8  20   0
1  -3  -5  13  20   0
1  -3  -6  -9 -10   0
1  -3  -7 -16 -20   0
1  -3  -7   8  13   0
1  -3  -8 -13  15   0
1  -3  -8 -15  12   0
1  -3  -9 -11  19   0
1  -3  -9  12  19   0
1  -3 -12 -20  17   0
1  -3 -15 -16  13   0
1  -3 -18  12  14   0
1  -3   6   9  18   0
1  -3 -18   5  19   0
1 -3 -9  5  7  0
1  -3   5   6  11   0
1  -3  -6   4  10   0
1 -3  4  5  7  0
1  -4  -5 -15  16   0
1  -4  -5 -20  11   0
1  -4  -6 -10   8   0
1  -4  -9 -11  16   0
1  -4 -14 -17  16   0
1  -4 -20  13  17   0
1  -4 -12 -18  10   0
1  -4 -10   8  18   0
1  -4 -13 -16   8   0
1  -4 -14   5  15   0
1  -5  -6 -10 -17   0
1  -5  -6  10  16   0
1  -5  -7  12  18   0
1  -5 -10 -16  15   0
1  -5 -11  12  20   0
1  -5 -16  17  19   0
1  -5   9  15  18   0
1  -5   9  10  16   0
1  -5 -16   6  10   0
1  -6  -7 -12 -16   0
1  -6  -8  -9  11   0
1  -6 -10 -11 -16   0
1  -6 -11 -15 -18   0
1  -6 -13 -17  20   0
1  -6 -17 -20  12   0
1  -6 -15 -19   9   0
1  -6 -17   8  11   0
1  -6  -8 -12   7   0
1  -6   7  18  19   0
1  -6 -16   7  14   0
1  -6 -11   7  10   0
1  -7  -8 -15 -17   0
1  -7  -8 -18  13   0
1  -7  -8  10  20   0
1  -7 -10 -13 -20   0
1  -7  14  16  17   0
1  -7 -15 -19  12   0
1  -7 -19 -20   9   0
1  -8  -9 -12 -18   0
1  -8 -11  12  20   0
1  -8 -13 -17 -19   0
1  -8 -13 -17 -20   0
1  -8  13  14  16   0
1  -8 -15 -20  12   0
1  -8 -16  10  20   0
1  -8 -13  10  12   0
1  -8   9  13  20   0
1  -9 -11 -16 -20   0
1  -9 -13 -15 -19   0
1  -9  14  15  20   0
1  -9 -20  12  13   0
1  -9  12  13  14   0
1  -9  11  17  18   0
1  -9 -14  10  15   0
1 -10  15  16  20   0
1 -10  14  15  17   0
1 -10  13  14  16   0
1 -10 -18  11  17   0
1 -11 -12 -17  13   0
1 -11 -14  13  16   0
1 -11 -13  12  14   0
1 -14 -16  15  19   0
1 -16 -17 -20  13   0
1  11  12  17  20   0
1 -11 -16 -19  10   0
1 -12 -16 -17  10   0
1 -17 -18  10  19   0
1 -13 -19  10  12   0
1 -11 -15   9  19   0
1 -11   9  14  18   0
1   9  12  14  16   0
1 -10 -14 -17   8   0
1 -11 -13   8  12   0
1 -13   8  10  16   0
1  -8 -10   7  13   0
1  -8 -20   7  10   0
1  -9 -16   7  10   0
1 -11 -12   7  20   0
1 -11 -15 -18   7   0
1 -12 -15   7  18   0
1 -13 -17   7  19   0
1 -17 -20   7  15   0
1 -17 -18   7  14   0
1 -14 -20   7  13   0
1   7  13  14  19   0
1 -18   7  10  13   0
1 -16   7   9  18   0
1   7   8  14  15   0
1  -8 -11 -20   6   0
1 -16   6  17  18   0
1 -18   6  10  19   0
1 -11   6   9  10   0
1 -11 -16   6   8   0
1 -17   6   7  11   0
1  -7 -18   5   8   0
1 -10 -18   5  19   0
1 -10   5  16  17   0
1 -13 -16   5  20   0
1 -18   5  12  16   0
1 -12   5   8  10   0
1 -13   5   6  16   0
1  -5  -7 -20   4   0
1  -5 -10 -17   4   0
1  -6 -11   4   9   0
1  -7  -8 -20   4   0
1  -9   4  14  20   0
1 -10 -12 -19   4   0
1 -10 -16   4  12   0
1 -12 -13   4  18   0
1 -15 -19   4  13   0
1 -15 -20   4  13   0
1   4  13  16  18   0
1 -18   4  13  14   0
1 -12   4   9  18   0
1 -12   4   7  11   0
1  -8 -16   4   5   0
1  -4 -11   3  20   0
1  -4 -20   3  14   0
1  -5   3   6  12   0
1  -6 -14   3  11   0
1  -6   3  10  20   0
1 -10 -11 -19   3   0
1 -10   3  11  18   0
1 -11 -19   3  15   0
1 -17   3  16  19   0
1 -13   3   7  18   0
1 -11   3   5  17   0
1   3   5  15  19   0
1  -6   3   4  12   0
1   3   4  19  20   0
1  -3 -12 -13   2   0
1 -3 -8  2  7  0
1  -4 -13   2   9   0
1 -10 -15 -16   2   0
1 -13   2  18  19   0
1 -13 -17   2  16   0
1 -14 -17 -19   2   0
1 -16 -17   2  19   0
1 -16   2  13  20   0
1 -10 -16   2   8   0
1 -17 -18   2   7   0
1   2   6  15  18   0
1 -20   2   6  12   0
1 -20   2   6  10   0
1   2   5  10  15   0
1  -5 -20   2   4   0
1  -7 -15   2   4   0
1  -5 -16   2   3   0
1  -2 -15   1  20   0
1 -2 -5  1  3  0
1  -3 -11 -18   1   0
1  -4 -12 -17   1   0
1  -8 -12   1  13   0
1 -10 -18   1  13   0
1 -15 -18 -19   1   0
1 -18   1  15  16   0
1   1  14  16  17   0
1 -17 -18   1  13   0
1 -16   1   8  10   0
1  -8   1   7  13   0
1  -8   1   6  17   0
1   1   5   7  12   0
1   1   4  12  14   0
1 -17   1   4   7   0
1  -4 -12   1   3   0
1   1   3  13  17   0
1   1   3   7  10   0
1   1   2  14  17   0
1 -16   1   2  12   0
1 -9  1  2  8  0
1 -14   1   2   5   0
