p wcnf 20 239 240
1  -1  -2   3  19   0
1  -1  -3   6  17   0
1  -1  -4  14  16   0
1  -1  -4 -16   7   0
1  -1  -7  11  12   0
1  -1  -9 -14  16   0
1  -1 -11 -13 -18   0
1  -1 -11 -17  16   0
1  -1 -13 -14  20   0
1  -1 -14  13  16   0
1  -1 -11   9  18   0
1  -1   8  15  18   0
1  -1 -17   8  10   0
1  -1 -20   6  12   0
1 -1  5  8  9  0
1  -1  -7   4  20   0
1  -1 -19   2  15   0
1  -1 -19   2  13   0
1  -1 -13   2   7   0
1  -2  -3  -4  16   0
1  -2  -3 -14  20   0
1  -2  -3 -15  18   0
1  -2  -3 -14  13   0
1  -2  -3   7  17   0
1  -2  -3 -11   4   0
1  -2  -4 -18  12   0
1  -2  -5 -20   6   0
1  -2  -6 -18  10   0
1  -2  -8 -16 -18   0
1  -2  -8 -15   9   0
1  -2  -9 -18  14   0
1  -2  -9 -14  11   0
1  -2 -16 -19  14   0
1  -2 -15 -20  11   0
1  -2 -10 -11   8   0
1  -2 -18   8  13   0
1  -2   7   9  12   0
1  -2 -16 -17   6   0
1  -2 -18   6   7   0
1  -2   4   8  19   0
1  -2 -11   3  14   0
1  -2 -19   3   5   0
1  -3  -4 -14  13   0
1  -3  -5 -17   6   0
1  -3  -6  -7 -14   0
1  -3  -6 -20  16   0
1  -3  -9 -10  15   0
1  -3  -9 -11 -17   0
1  -3 -10 -20  12   0
1  -3 -11  16  17   0
1  -3 -11 -15  10   0
1  -3  10  15  19   0
1  -3   9  13  16   0
1  -3 -17   8  13   0
1  -3 -11   5  17   0
1  -3 -16   5  11   0
1  -3 -19   5  11   0
1  -3  -7 -13   4   0
1  -3 -10   4  12   0
1  -4  -5 -11 -17   0
1  -4  -6  13  18   0
1  -4  -7 -11  14   0
1  -4  -7   9  15   0
1  -4  -8 -17  20   0
1  -4  -8 -12  10   0
1  -4  -9 -14  13   0
1  -4 -10 -15 -19   0
1  -4 -10 -15  12   0
1  -4 -11  12  14   0
1  -4 -11  10  20   0
1  -4 -13  10  11   0
1  -4 -14 -16   7   0
1  -4  -6   5  10   0
1  -4 -14 -18   5   0
1  -4   5  10  20   0
1  -5 -10 -12  17   0
1  -5 -10 -13  17   0
1  -5 -18  13  16   0
1  -5 -13 -16  10   0
1  -5  10  18  20   0
1  -5   8  14  17   0
1  -5 -13 -14   7   0
1  -5 -15   7  12   0
1 -5  7  8  9  0
1  -6  -7  -9 -12   0
1  -6 -10  14  19   0
1  -6 -10 -14  11   0
1  -6 -12 -17  15   0
1  -6  12  15  19   0
1  -6  12  13  18   0
1  -6 -14  10  12   0
1  -6   9  17  18   0
1  -6   9  16  20   0
1  -6 -20   8  13   0
1  -6   8  12  18   0
1  -7  -8 -16  19   0
1  -7 -10 -18  16   0
1  -7 -12 -20  14   0
1  -7 -14 -16  13   0
1  -7 -15 -17  12   0
1  -7  12  13  15   0
1  -7 -16 -19  11   0
1  -7 -14  10  13   0
1  -7 -10 -11   9   0
1  -8 -16 -20  18   0
1  -8 -18  12  19   0
1  -9 -10 -19  18   0
1  -9 -12  13  19   0
1  -9 -13 -16  15   0
1  -9 -14 -15  16   0
1 -10 -11 -15  19   0
1 -10 -11 -16 -18   0
1 -10 -13 -17 -20   0
1 -10 -13  17  19   0
1 -10 -13  11  14   0
1 -11 -16 -19  17   0
1 -11 -14 -15  13   0
1 -11 -16  12  18   0
1 -12 -16 -20  13   0
1 -14 -17 -19  15   0
1 -16 -17  14  20   0
1 -17 -19  14  15   0
1 -17  13  14  16   0
1 -17  13  14  15   0
1 -11  10  13  14   0
1  10  11  12  20   0
1   9  12  16  19   0
1 -19   9  12  13   0
1 -20   9  11  13   0
1   8  13  14  18   0
1 -17 -20   8  12   0
1 -16   8  12  13   0
1 -11   8  10  20   0
1 -20   8   9  18   0
1  -8 -14   7   9   0
1 -15 -16   7  17   0
1   7  11  14  18   0
1 -12 -15   7   9   0
1 -20   7   9  11   0
1 -11 -12 -17   6   0
1 -19 -20   6  16   0
1   6  12  13  16   0
1 -18   6  11  19   0
1 -11   6   9  20   0
1 -14   6   9  17   0
1  -9 -11   6   8   0
1 -13 -15   6   8   0
1 -19   6   8  10   0
1 -12 -15   6   7   0
1 -17   6   7  15   0
1 -18   6   7   9   0
1  -8 -12   5  18   0
1  -8 -17   5   9   0
1  -9 -10 -18   5   0
1 -20   5  12  19   0
1 -10   5   9  11   0
1 -17   5   9  11   0
1   5   8  16  18   0
1  -8 -13   5   7   0
1 -13 -14   5   7   0
1 -9  5  7  8  0
1   5   7   8  20   0
1  -5   4   9  10   0
1  -6   4  11  12   0
1  -6 -12   4   9   0
1 -6  4  7  8  0
1  -7 -14   4  16   0
1  -7   4   8  12   0
1  -8 -11 -16   4   0
1  -8 -16   4  12   0
1 -10 -12   4  11   0
1 -11   4  15  17   0
1 -19   4  17  20   0
1 -20   4  17  19   0
1 -12   4   9  19   0
1 -19   4   8  15   0
1 -16   4   6  20   0
1   4   6  17  19   0
1  -5 -17   3  16   0
1  -6  -7   3  11   0
1  -6  -8   3  15   0
1  -6  -9 -16   3   0
1  -6 -13   3  16   0
1  -6   3  14  18   0
1  -7 -15 -20   3   0
1  -7   3  10  11   0
1 -10 -16   3  13   0
1 -10   3  12  20   0
1 -11   3  17  20   0
1 -11   3  14  15   0
1 -11 -15   3  12   0
1 -12 -15   3  18   0
1 -16 -18   3  11   0
1 -17   3  10  11   0
1 -14 -19   3   7   0
1  -9   3   6  12   0
1  -8   3   5  16   0
1   3   5   8  13   0
1  -7 -12   3   4   0
1   3   4   5  18   0
1  -6 -12 -15   2   0
1  -7   2  14  15   0
1  -7   2  12  16   0
1  -8 -11   2  15   0
1  -8 -15   2  18   0
1  -9 -10   2  20   0
1 -16   2  11  14   0
1   2   9  16  20   0
1 -11 -14   2   8   0
1 -18   2   8  13   0
1   2   8  10  19   0
1  -8 -12   2   7   0
1 -18   2   5  19   0
1 -11   2   4  14   0
1  -9   2   3  14   0
1 -16   2   3  13   0
1  -2   1   3  15   0
1  -3  -6 -10   1   0
1  -5 -14   1  10   0
1  -7 -15   1  20   0
1  -8   1  18  20   0
1  -9   1  12  18   0
1 -11 -15 -19   1   0
1   1  15  16  18   0
1   1  15  16  17   0
1 -15   1  13  18   0
1   1  10  12  19   0
1   1   9  12  19   0
1  -9   1   8  11   0
1 -14 -19   1   8   0
1 -10   1   7  16   0
1 -14   1   7  17   0
1   1   7  14  18   0
1 -19   1   6  16   0
1   1   6  11  17   0
1 -11   1   5  17   0
1  -6 -14   1   4   0
1 -14 -18   1   3   0
1  -8 -15   1   2   0
