p wcnf 20 239 240
1  -1  -2 -11   3   0
1 -1 -3 -4 -5  0
1  -1  -3  10  16   0
1  -1  -4  -5 -19   0
1  -1  -5   9  19   0
1  -1  -6  -9  20   0
1  -1  -8 -13 -17   0
1  -1  -9 -14 -15   0
1  -1 -11 -17  13   0
1  -1 -15  11  19   0
1  -1   9  13  20   0
1  -1 -12   6  14   0
1  -1 -12   6  13   0
1  -1 -13 -16   5   0
1  -1 -14   5  16   0
1  -1  -5   4  20   0
1  -1 -12   4  18   0
1  -1 -15 -20   4   0
1  -1   3   9  11   0
1 -1 -7  2  8  0
1  -1   2   7  16   0
1  -2  -3 -11 -20   0
1 -2 -4 -6  9  0
1  -2  -4 -11 -14   0
1  -2  -4 -17  20   0
1  -2  -4 -13  11   0
1  -2 -10  17  19   0
1  -2 -19  13  15   0
1  -2  10  16  17   0
1  -2  10  14  19   0
1  -2   9  16  19   0
1  -2 -18   9  13   0
1  -2 -10   8  13   0
1  -2 -15 -19   6   0
1  -2   6  16  19   0
1  -2 -15   6  14   0
1  -2   6  10  18   0
1  -2 -16 -20   4   0
1  -2   3   8  15   0
1  -3  -4  -7  18   0
1  -3  -4 -12 -13   0
1  -3  -4 -17   7   0
1  -3  -6  -9 -14   0
1  -3  -7  -8 -12   0
1  -3  -7 -12  18   0
1  -3 -12  19  20   0
1  -3 -13 -15  19   0
1  -3 -14 -16  19   0
1  -3 -11 -16  10   0
1  -3 -10 -15   9   0
1  -3 -17   8  14   0
1  -3 -12   8   9   0
1  -3   5  10  17   0
1  -3  -7 -10   4   0
1  -3  -7   4  17   0
1  -3  -7   4  16   0
1  -3 -20   4  13   0
1  -4  -6  -8 -20   0
1  -4  -6 -16  15   0
1  -4  -7 -15 -17   0
1  -4  -7 -16   8   0
1  -4 -12 -18  19   0
1  -4 -13 -17  18   0
1  -4 -15 -19  16   0
1  -4   9  15  16   0
1  -4   8  13  19   0
1  -4  -8 -15   5   0
1  -5  -6 -12 -17   0
1  -5  -7 -12 -15   0
1  -5  -7 -13  11   0
1  -5  -7  11  15   0
1  -5  -8  10  14   0
1  -5  -9 -12 -13   0
1  -5  -9 -16  10   0
1  -5  -9 -20  10   0
1  -5 -13 -16  20   0
1  -5 -14  17  18   0
1  -5 -13  12  14   0
1  -5 -13   9  17   0
1  -5 -11 -13   8   0
1  -6  -7 -11 -20   0
1  -6  -7 -12  17   0
1  -6  -7 -17 -19   0
1  -6  -7  11  19   0
1  -6  -8  17  18   0
1  -6 -11  13  17   0
1  -6 -18 -20  13   0
1  -6 -18  13  19   0
1  -6 -15  11  14   0
1  -6 -19  10  12   0
1  -6  10  12  14   0
1  -6 -14   9  19   0
1  -6 -10 -19   8   0
1  -6  -9 -10   7   0
1  -7 -14 -15 -20   0
1  -7 -14 -19  20   0
1  -7 -14 -18   9   0
1  -7  -9 -20   8   0
1  -7  -9   8  15   0
1  -8 -12 -19  16   0
1  -8 -15 -17  20   0
1  -8 -13 -16  11   0
1  -8  10  14  15   0
1  -9 -11 -14 -18   0
1  -9 -11 -13  12   0
1  -9 -16  12  15   0
1  -9 -17  11  12   0
1  -9 -12  10  13   0
1  -9 -15  10  17   0
1 -10 -11 -13 -16   0
1 -10 -12 -14  13   0
1 -11  13  14  17   0
1 -12 -18  14  17   0
1 -13 -16 -17  12   0
1 -15 -17  12  18   0
1 -20  12  16  19   0
1 -12 -19  11  13   0
1 -14 -19  11  16   0
1 -18 -19  11  15   0
1  11  14  15  20   0
1 -14  11  13  16   0
1  11  12  15  17   0
1 -11 -16  10  18   0
1 -13 -18  10  19   0
1 -19  10  14  17   0
1 -16  10  11  17   0
1 -11 -15 -19   9   0
1 -14   9  12  20   0
1 -20   9  10  19   0
1 -10   8  11  15   0
1 -13 -20   8  17   0
1 -19   8  13  16   0
1 -18 -19   8   9   0
1  -8  -9 -14   7   0
1 -13 -15   7  16   0
1 -13 -17   7  14   0
1 -15   7  18  20   0
1 -18   7  11  12   0
1 -14   7   9  10   0
1  -8  -9   6  13   0
1  -9   6  19  20   0
1 -10 -12   6  16   0
1 -10   6  12  14   0
1 -13   6  15  18   0
1 -14 -20   6  16   0
1 -17   6  12  19   0
1   6  11  15  17   0
1 -17   6  11  12   0
1   6  10  13  18   0
1 -11   6   7  19   0
1 -17 -19   6   7   0
1  -8 -11 -16   5   0
1 -13 -17   5  18   0
1 -18 -19 -20   5   0
1   5  11  14  18   0
1   5  10  14  19   0
1 -10 -17   5   8   0
1   5   8  16  18   0
1 -18   5   8  11   0
1  -6  -7   4  11   0
1  -6 -10   4  20   0
1  -6 -14   4   8   0
1  -7 -12 -14   4   0
1  -7   4  10  11   0
1  -8   4  12  18   0
1  -9 -11   4  18   0
1   4  15  17  20   0
1   4  13  18  19   0
1 -12   4  10  16   0
1 -17   4   7  10   0
1   4   5   7  14   0
1  -4 -10   3  18   0
1  -5  -8   3  15   0
1  -5 -20   3  12   0
1  -7 -18   3  11   0
1  -7   3  10  15   0
1  -7   3  10  11   0
1 -11 -12 -19   3   0
1 -14   3  13  18   0
1 -20   3  13  19   0
1 -18   3   9  15   0
1 -14   3   9  13   0
1  -9 -10   3   8   0
1  -9   3   7  19   0
1  -9   3   7  16   0
1 -12 -16   3   7   0
1 -12 -19   3   7   0
1 -15 -20   3   7   0
1 -11   3   6  20   0
1 -14   3   5  11   0
1   3   5  11  16   0
1  -3 -13   2  12   0
1  -4 -11 -18   2   0
1  -4   2   9  17   0
1  -4   2   8  19   0
1  -6 -11 -16   2   0
1  -6 -13 -15   2   0
1  -6   2   9  18   0
1  -7   2   9  20   0
1  -8 -11   2  10   0
1  -9 -12   2  17   0
1  -9 -15 -20   2   0
1  -9 -16   2  15   0
1  -9   2  13  15   0
1 -10 -15 -20   2   0
1 -10   2  11  20   0
1 -19 -20   2  18   0
1 -18   2  13  19   0
1   2  12  18  19   0
1 -20   2  11  17   0
1   2  11  16  20   0
1 -16 -18   2   8   0
1  -6   2   5  19   0
1 -12 -20   2   5   0
1 -18   2   4  14   0
1  -2  -6   1  12   0
1  -2  -8   1  11   0
1  -2   1  10  14   0
1  -6  -8   1  19   0
1  -6 -10   1  15   0
1  -6 -14 -17   1   0
1  -7 -10 -11   1   0
1  -7 -13 -19   1   0
1  -7 -17   1  16   0
1  -8 -15   1  12   0
1  -9 -12   1  13   0
1  -9   1  12  18   0
1  -9   1  10  17   0
1 -11 -19   1  14   0
1 -13 -17 -18   1   0
1 -16   1  10  15   0
1 -13   1   8  18   0
1 -20   1   7   9   0
1   1   6   7  14   0
1 -13   1   5  17   0
1 -14 -16   1   5   0
1 -9  1  5  7  0
1   1   5   6  13   0
1 -18   1   3   7   0
