p wcnf 20 239 240
1  -1  -2   7  11   0
1  -1  -3  13  20   0
1  -1  -4  -5  18   0
1  -1  -4  -7  13   0
1  -1  -4 -10   9   0
1  -1  -4 -17   5   0
1  -1  -5   9  16   0
1  -1  -6 -11 -16   0
1  -1  -7  18  19   0
1  -1  -7 -20  17   0
1  -1 -18 -19  13   0
1  -1 -17  12  13   0
1  -1 -14  10  20   0
1  -1 -15  10  12   0
1  -1   9  11  16   0
1  -1  -9 -15   8   0
1  -1 -13 -20   8   0
1  -1   8   9  11   0
1  -1 -17 -20   4   0
1  -1   4  11  12   0
1  -1  -6   3  17   0
1 -1  3  4  8  0
1  -1  -7 -12   2   0
1  -1  -7   2  12   0
1  -1   2   4  15   0
1  -2  -3 -11  19   0
1  -2  -3   7  11   0
1  -2  -4 -12 -16   0
1  -2  -4   9  11   0
1 -2 -4  6  8  0
1  -2  -5 -10  19   0
1  -2  -5  16  18   0
1  -2  -5  12  14   0
1  -2  -6  -7  12   0
1  -2  -7 -12  13   0
1  -2  -7 -16  11   0
1  -2 -10 -12  20   0
1  -2 -11 -12 -14   0
1  -2 -15 -19  18   0
1  -2 -13  12  19   0
1  -2  -7   6  17   0
1 -2 -6 -7  4  0
1  -2  -8 -15   4   0
1  -2 -14 -15   4   0
1  -2 -20   4   6   0
1  -2 -15   3   7   0
1  -3  -4 -19  20   0
1  -3  -4   7  11   0
1  -3  -6 -12  19   0
1  -3  -7 -13 -15   0
1  -3  -9 -17 -19   0
1  -3 -11  14  20   0
1  -3 -12 -19  17   0
1  -3 -12 -17  13   0
1  -3 -16  18  20   0
1  -3 -17  15  16   0
1  -3 -19  12  15   0
1  -3 -16  12  14   0
1  -3 -20  10  13   0
1  -3 -17   7  20   0
1  -3  -9 -10   6   0
1  -3  -7 -16   5   0
1  -3  -9 -15   5   0
1  -3 -14 -15   5   0
1  -3   5   8  17   0
1  -3 -13   5   6   0
1  -3 -10   4   6   0
1 -4 -5 -6  8  0
1  -4  -5 -11 -13   0
1  -4  -5 -16 -20   0
1  -4  -5 -12  11   0
1  -4  -5 -18  10   0
1  -4  -5   9  20   0
1  -4  -7 -20   9   0
1  -4  -8 -11 -15   0
1  -4 -11  13  14   0
1  -4 -13 -14  18   0
1  -4 -13 -20  16   0
1  -4  11  16  20   0
1  -4 -12  10  15   0
1  -4   9  10  13   0
1  -4   8  10  14   0
1  -4 -14   8   9   0
1  -4 -18   7  13   0
1  -4  -8 -14   6   0
1  -4  -9 -12   6   0
1  -4 -19   5  12   0
1  -5  -6  11  18   0
1  -5  -7  -8  10   0
1  -5  -7  10  15   0
1  -5  -9 -12  10   0
1  -5 -12 -19 -20   0
1  -5 -12  11  19   0
1  -5 -17  11  19   0
1  -5  11  17  20   0
1  -5 -18   7  20   0
1  -5 -19   6  10   0
1  -6  -7 -17  16   0
1  -6  -7 -13   8   0
1  -6  -8 -17 -20   0
1  -6  -8 -18  10   0
1  -6 -13  14  15   0
1  -6 -18  13  15   0
1  -6 -20  12  19   0
1  -6 -14 -19  11   0
1  -6 -10 -15   9   0
1  -6 -18   9  10   0
1  -6   8  15  19   0
1  -6   7  12  13   0
1  -7  -8 -10 -15   0
1  -7  -9 -11  17   0
1  -7  -9 -12  15   0
1  -7 -10 -14  16   0
1  -7 -10  16  17   0
1  -7 -10  14  18   0
1  -7  12  15  16   0
1  -7 -18  11  16   0
1  -8  -9 -13 -20   0
1  -8  -9 -16 -19   0
1  -8 -12 -16 -20   0
1  -8 -13 -19  18   0
1  -8 -13 -19  15   0
1  -8 -14 -16 -19   0
1  -8 -18  12  13   0
1  -8 -16   9  13   0
1  -9 -10 -15 -17   0
1 -10 -11  14  17   0
1 -10 -11 -20  12   0
1 -11 -17 -19  16   0
1 -11  13  14  19   0
1 -12 -17  19  20   0
1 -12 -18  14  17   0
1 -12  13  17  19   0
1 -15 -18  19  20   0
1 -14 -17  13  20   0
1 -19  12  16  20   0
1 -12  11  18  20   0
1 -18  11  12  14   0
1 -13  10  16  17   0
1 -16 -17 -20  10   0
1 -17 -20  10  14   0
1 -20  10  13  16   0
1 -11   9  14  17   0
1 -19   9  18  20   0
1 -20   9  11  13   0
1 -17   9  10  12   0
1 -14 -18   8  16   0
1 -12   8  11  19   0
1 -11   8  10  18   0
1 -13   8  10  14   0
1 -16   8  10  13   0
1 -18 -19   8   9   0
1  -8  -9   7  10   0
1 -13 -18   7  16   0
1 -14 -18   7  17   0
1 -19   7  17  20   0
1 -19   7  13  14   0
1 -20   7  10  11   0
1  -8 -16 -20   6   0
1 -13 -20   6  17   0
1 -11 -18   6   9   0
1  -8 -10   5  14   0
1  -9   5  10  17   0
1 -10 -19   5  13   0
1 -19   5  18  20   0
1 -12   5  11  15   0
1 -11 -15   5  10   0
1 -13 -19   5   8   0
1  -5 -20   4  19   0
1  -7   4  12  18   0
1  -8 -17 -19   4   0
1 -11 -15   4  18   0
1 -16 -17 -20   4   0
1 -15 -20   4   9   0
1 -10   4   7  13   0
1 -15 -18   4   7   0
1 -15   4   7  14   0
1 -10 -17   4   6   0
1 -18   4   6  20   0
1 -9  4  5  6  0
1  -5 -20   3  18   0
1  -6 -10   3   8   0
1  -8 -19   3   9   0
1 -12 -15   3  19   0
1 -18 -19   3  12   0
1 -14   3  11  18   0
1 -17 -20   3  11   0
1 -18 -20   3  11   0
1   3   8  16  20   0
1   3   8  16  18   0
1 -14   3   6  16   0
1   3   6   8  20   0
1  -7 -15   3   5   0
1 -13   3   5  20   0
1 -10 -20   3   4   0
1  -3 -16 -19   2   0
1 -3  2  7  8  0
1  -4  -5 -16   2   0
1  -4  -8 -16   2   0
1  -4  -9 -15   2   0
1  -4 -12 -16   2   0
1  -5 -12 -15   2   0
1  -5 -13 -16   2   0
1  -5   2  18  20   0
1  -5   2   8  19   0
1 -10   2  13  15   0
1   2  14  17  19   0
1 -16   2   9  10   0
1 -17 -18   2   8   0
1 -10   2   6  15   0
1 -13 -16   2   6   0
1 -19   2   6  11   0
1 -17   2   6  10   0
1   2   6   8  11   0
1   2   5   9  10   0
1   2   4   7  20   0
1 -8  2  4  5  0
1 -4  2  3  9  0
1  -2  -9 -13   1   0
1  -2 -14   1   4   0
1  -3 -14   1  12   0
1  -3   1  11  16   0
1  -4 -12 -14   1   0
1  -5 -17   1   8   0
1  -9 -12 -17   1   0
1  -9 -13   1  20   0
1  -9   1  16  19   0
1 -19   1  16  18   0
1 -15   1   9  11   0
1  -9   1   8  17   0
1  -7   1   6  18   0
1 -19 -20   1   6   0
1 -17   1   6   7   0
1 -16   1   5  20   0
1  -8   1   4  13   0
1   1   4   5  13   0
1  -8   1   3  15   0
1 -16   1   3  20   0
1 -18   1   3  13   0
