p wcnf 20 239 240
1  -1  -2 -11  20   0
1  -1  -2 -10   3   0
1 -1 -3 -7  9  0
1  -1  -3 -17  20   0
1  -1  -3 -16   8   0
1 -1 -3 -5  4  0
1 -1 -5 -7  9  0
1  -1  -6  -7 -11   0
1  -1  -8 -10 -15   0
1  -1 -11 -13  14   0
1  -1 -16 -17 -19   0
1  -1 -18 -20  16   0
1  -1 -11  10  17   0
1  -1   9  10  11   0
1  -1   6   7  10   0
1  -1 -10   3  14   0
1  -1 -12 -18   3   0
1  -2  -3  -7 -19   0
1  -2  -3 -17  13   0
1 -2 -4 -5 -6  0
1  -2  -4  -6  10   0
1  -2  -4 -10  18   0
1  -2  -4   7  20   0
1  -2  -5 -20   9   0
1  -2  -6  -9 -18   0
1  -2  -6 -10  17   0
1  -2  -6 -13  18   0
1  -2  -6   9  19   0
1  -2  -7 -17 -19   0
1  -2  -8 -18  19   0
1  -2 -16  18  20   0
1  -2 -16  12  13   0
1  -2 -11 -19  10   0
1  -2 -12  10  16   0
1  -2   8  14  19   0
1  -2  -9   7  11   0
1  -2 -16   7  13   0
1  -2 -10 -17   6   0
1 -2 -6 -9  4  0
1  -2 -10   4   6   0
1  -2 -15   4   5   0
1  -2  -5 -13   3   0
1  -2 -19   3  20   0
1  -2   3  18  19   0
1 -3 -4 -5 -8  0
1  -3  -5  -6 -20   0
1  -3  -5  17  19   0
1  -3  -5   8  15   0
1  -3  -8  -9 -15   0
1  -3  -9 -10  20   0
1  -3  -9 -16  10   0
1  -3 -16  14  19   0
1  -3 -16  13  20   0
1  -3 -14 -19  10   0
1  -3 -14   9  15   0
1  -3  -8 -14   7   0
1  -3 -13   6  12   0
1  -3 -13 -18   5   0
1  -3 -20   5   7   0
1  -3 -12   4  11   0
1  -4  -6  -8  10   0
1  -4  -6  -9  15   0
1  -4  -6 -13  10   0
1  -4  -7   9  14   0
1  -4 -10 -18  13   0
1  -4 -10  12  19   0
1  -4 -11 -18  13   0
1  -4 -20  14  19   0
1  -4 -19  12  17   0
1  -4 -11 -19  10   0
1  -4 -20  10  18   0
1  -4 -15   6  14   0
1  -4 -13   5  16   0
1  -5  -7 -10  13   0
1  -5  -7  11  14   0
1  -5  -7  11  13   0
1  -5  -7 -14   8   0
1  -5  -9 -12  19   0
1  -5  -9  12  13   0
1  -5 -11 -16  12   0
1  -5 -18 -20  10   0
1  -5 -11   9  12   0
1  -5   9  13  14   0
1  -5 -19   6  20   0
1  -6  -7 -18  20   0
1  -6  -8  14  16   0
1  -6  -8   9  13   0
1  -6  -9 -13  14   0
1  -6  12  15  16   0
1  -6 -14 -17   9   0
1  -6  -9   8  11   0
1  -6 -15 -18   8   0
1  -6 -17   8  14   0
1  -6 -11   7   9   0
1  -6   7   8  12   0
1  -7  -9 -17  12   0
1  -7 -13 -18  20   0
1  -7  15  19  20   0
1  -7 -16   9  19   0
1  -8  -9 -15  19   0
1  -8 -15 -18  16   0
1  -9 -11 -18 -20   0
1  -9 -12 -16  13   0
1  -9 -13 -17  16   0
1  -9 -15  13  16   0
1  -9  12  14  18   0
1 -10 -11 -12 -16   0
1 -10 -11 -20  16   0
1 -10 -12 -18  15   0
1 -10  14  15  20   0
1 -10  12  14  16   0
1 -11 -12  16  20   0
1 -11 -15  14  17   0
1 -12 -19  16  17   0
1 -12 -16  15  18   0
1 -12 -17  14  20   0
1 -18  14  15  17   0
1 -16  12  14  17   0
1 -15  12  13  20   0
1 -12 -15  11  18   0
1 -13  11  15  16   0
1 -15  11  18  19   0
1 -20  11  13  15   0
1 -14  11  12  20   0
1 -11 -14  10  16   0
1 -11 -16 -20  10   0
1 -14 -20  10  15   0
1 -10 -15 -16   9   0
1 -19   9  13  14   0
1   9  12  17  18   0
1   9  12  15  20   0
1   9  12  14  18   0
1 -10 -16   8  14   0
1   8  14  16  19   0
1 -16 -20   8  10   0
1 -11   8   9  20   0
1   8   9  15  16   0
1 -11 -16   7  20   0
1 -12 -18   7  15   0
1 -15   7  18  20   0
1 -18 -20   7  14   0
1 -18 -20   7  12   0
1 -17 -20   7  11   0
1   7  11  13  18   0
1 -16 -18   7   9   0
1 -14 -18   7   8   0
1 -15   7   8  20   0
1   7   8   9  20   0
1  -7  -9   6  17   0
1  -8  -9   6  20   0
1  -8 -16 -20   6   0
1 -10 -15   6  14   0
1 -11 -13   6  12   0
1 -12 -14   6  20   0
1 -15 -16   6  18   0
1 -19   6  10  16   0
1   6  10  11  19   0
1 -10 -16   6   7   0
1  -8 -11   5  15   0
1  -8   5   9  20   0
1  -9 -15   5  17   0
1 -11   5  13  18   0
1 -13   5  15  19   0
1 -15   5  16  20   0
1 -17   5  15  20   0
1 -18   5  11  14   0
1 -11 -13   5  10   0
1 -13   5  10  14   0
1 -20   5  10  16   0
1 -13 -17   5   9   0
1   5   8  10  15   0
1   5   7  14  16   0
1 -12   5   6   7   0
1  -5 -11 -16   4   0
1  -5   4   8  17   0
1  -5   4   7  10   0
1  -6 -16   4  14   0
1 -11   4  13  16   0
1 -17   4  18  19   0
1 -20   4  13  18   0
1 -18   4  10  11   0
1  -4  -7   3  14   0
1  -4 -11   3  15   0
1  -6   3   9  11   0
1  -7  -8 -19   3   0
1  -7 -14   3  16   0
1  -8 -13 -14   3   0
1   3   9  13  18   0
1  -3  -4   2  19   0
1  -3 -18   2   4   0
1  -3 -19   2   4   0
1  -5 -14   2   9   0
1  -6 -15   2  14   0
1  -7  -9   2  19   0
1  -7   2  11  12   0
1 -11 -19   2  20   0
1 -12 -15   2  18   0
1 -12   2  11  15   0
1   2  10  12  13   0
1 -19   2   5  17   0
1 -18   2   3   9   0
1  -2 -14   1   6   0
1  -3  -6   1  10   0
1  -3  -9 -14   1   0
1  -3   1  10  18   0
1  -3 -17   1   7   0
1  -4 -10 -16   1   0
1  -5 -12   1  14   0
1  -6   1  15  20   0
1  -7 -16   1  12   0
1  -7 -12   1  10   0
1  -8  -9 -20   1   0
1  -8   1   9  15   0
1  -9 -11   1  20   0
1  -9 -17 -19   1   0
1  -9 -20   1  18   0
1 -11 -13 -15   1   0
1 -12 -16   1  18   0
1 -13 -17 -19   1   0
1 -15 -18   1  19   0
1 -15 -19   1  18   0
1 -16   1  18  20   0
1   1  16  18  20   0
1 -15   1  14  19   0
1 -16 -20   1   8   0
1 -17 -18   1   7   0
1   1   7  14  16   0
1  -7   1   6  10   0
1 -13   1   6  16   0
1   1   5  14  19   0
1   1   5   7  19   0
1  -5 -12   1   4   0
1 -13   1   4  18   0
1 -19   1   4  15   0
1   1   4  10  17   0
1   1   4   8  18   0
1 -3 -8  1  2  0
1  -6   1   2  19   0
1   1   2   7  16   0
