p wcnf 20 239 240
1  -1  -2  -4  14   0
1 -1 -2 -7  9  0
1  -1  -3  12  17   0
1 -1 -3  6  8  0
1  -1  -5 -11  13   0
1  -1  -5 -17 -19   0
1  -1  -6 -16 -18   0
1  -1  -7 -10 -19   0
1  -1  -7 -15  16   0
1  -1  -7 -17  19   0
1  -1  -7  14  15   0
1  -1  -9  17  20   0
1  -1 -10 -18 -20   0
1  -1  14  17  18   0
1  -1 -14  12  19   0
1  -1 -18  10  19   0
1  -1  -7 -12   6   0
1  -1  -9 -20   4   0
1  -1 -10 -17   3   0
1  -1 -13 -18   3   0
1  -1 -13   3   7   0
1  -1  -6   2  19   0
1  -1  -9 -10   2   0
1  -1 -10 -11   2   0
1  -1 -17   2  13   0
1  -1   2   7  11   0
1  -2  -3 -17  14   0
1 -2 -3 -9  4  0
1  -2  -4  -5 -17   0
1  -2  -5  -7 -17   0
1  -2  -5 -14  15   0
1  -2  -7 -13 -15   0
1  -2 -10 -20  18   0
1  -2 -17  13  20   0
1  -2 -18  11  17   0
1  -2 -11 -14  10   0
1  -2 -16   9  20   0
1  -2 -16   9  14   0
1  -2 -12   8  19   0
1  -2  -6 -17   5   0
1  -2 -18   5   9   0
1  -2 -16   3  17   0
1  -3  -4  15  17   0
1  -3  -4  10  18   0
1  -3  -4  10  17   0
1  -3  -4   8  13   0
1  -3  -4   5  20   0
1  -3  -5 -10  13   0
1  -3  -5   7  15   0
1  -3  -5 -13   6   0
1  -3  -8  15  20   0
1  -3 -17 -20  18   0
1  -3 -12 -18  10   0
1  -3 -13  10  20   0
1  -3  10  14  16   0
1  -3 -10   9  17   0
1  -3 -15   9  20   0
1  -3   8  12  18   0
1  -3   8  11  12   0
1  -3 -15 -17   7   0
1  -3 -12   7   8   0
1  -3 -18   6  20   0
1  -3  -8   4  13   0
1  -3 -19   4  14   0
1  -4  -9 -11 -16   0
1  -4  -9 -11  17   0
1  -4 -11 -20  13   0
1  -4 -13  16  18   0
1  -4 -11   8  10   0
1  -4  -8   7  19   0
1  -4  -8 -16   6   0
1  -4 -17   6  18   0
1  -5  -7  12  17   0
1  -5 -15 -20  18   0
1  -5 -16  10  20   0
1  -5 -16   9  11   0
1  -5 -17 -20   8   0
1  -5   7   8  11   0
1  -5 -11 -15   6   0
1  -6  -7 -12 -16   0
1  -6  -7 -12  19   0
1  -6  -7 -11   8   0
1  -6 -10  14  19   0
1  -6 -11 -13  20   0
1  -6 -15 -18 -19   0
1  -6 -18 -19 -20   0
1  -6 -10 -18   8   0
1  -6 -14   8  10   0
1  -6 -10 -18   7   0
1  -6 -13 -17   7   0
1  -7  -9  10  13   0
1  -7 -16  11  17   0
1  -7 -14 -17  10   0
1  -7 -14  10  20   0
1  -7  10  13  15   0
1  -8  15  19  20   0
1  -8 -16  13  18   0
1  -8 -17  12  13   0
1  -8 -13  11  16   0
1  -8 -17  11  20   0
1  -8   9  12  17   0
1  -9 -11 -14  17   0
1  -9 -13 -16  15   0
1  -9 -15 -17  16   0
1 -10 -11 -18  19   0
1 -10 -11 -20  18   0
1 -10 -11  18  20   0
1 -10 -12 -14 -18   0
1 -10 -13 -14 -17   0
1 -10 -18  12  20   0
1 -10  11  12  20   0
1 -11 -12  17  18   0
1 -12 -13 -15 -19   0
1 -13 -16  17  19   0
1 -13 -17  18  19   0
1 -17  13  16  18   0
1 -15  13  14  17   0
1 -14 -18  12  20   0
1 -12 -19 -20  10   0
1 -15 -17  10  20   0
1 -16 -20  10  14   0
1 -14 -20  10  11   0
1 -11 -12 -20   9   0
1 -14   9  17  20   0
1 -15 -17   9  18   0
1 -15 -19   9  14   0
1 -16   9  10  15   0
1  -9 -20   8  14   0
1  -9 -20   8  13   0
1 -10 -12   8  18   0
1 -10 -13   8  16   0
1 -13   8  14  15   0
1 -15 -19 -20   8   0
1   8  14  19  20   0
1  -9 -12 -20   7   0
1 -10 -20   7  11   0
1 -12   7  18  19   0
1 -12   7  15  19   0
1 -14 -15 -19   7   0
1 -19   7  11  16   0
1 -17   7  10  18   0
1 -15   7   8  16   0
1  -7 -13   6  14   0
1  -8 -10   6  20   0
1  -8   6  12  17   0
1 -11 -12   6  13   0
1  -9   6   7  12   0
1  -6 -12   5   8   0
1 -12 -18   5  19   0
1 -14 -20   5  17   0
1 -12 -19   5  10   0
1 -15   5   9  10   0
1  -9 -12   5   8   0
1  -8 -16   5   7   0
1 -18   5   7  20   0
1 -18   5   7  11   0
1  -6 -12   4  19   0
1  -7   4  10  16   0
1 -17   4  14  18   0
1 -14 -18   4  10   0
1 -11 -14   4   9   0
1 -19   4   7  12   0
1 -6  4  5  9  0
1  -9 -19   4   5   0
1   4   5  14  18   0
1 -19   4   5  13   0
1  -4   3  11  17   0
1  -4 -12   3   7   0
1 -4 -8  3  5  0
1  -5 -19   3  18   0
1  -6 -10 -18   3   0
1  -7 -12 -18   3   0
1  -7 -14   3  18   0
1  -7 -16   3  18   0
1  -7 -11   3   9   0
1  -9   3  12  18   0
1  -9   3  11  12   0
1  -9 -16   3  10   0
1 -10 -11   3  15   0
1 -17   3  18  19   0
1 -19   3  13  20   0
1 -14   3  11  19   0
1   3  10  13  18   0
1  -9   3   8  12   0
1 -13 -16   3   8   0
1   3   8   9  20   0
1  -9   3   7  18   0
1   3   7  12  15   0
1  -7 -18   3   5   0
1 -7 -9  3  4  0
1 -12   3   4  13   0
1 -14 -19   3   4   0
1   3   4   6  16   0
1  -3  -4 -10   2   0
1  -3 -20   2   6   0
1  -3 -12   2   4   0
1  -5 -13 -18   2   0
1  -5   2   9  12   0
1  -5   2   8  20   0
1  -6  -9 -11   2   0
1  -6 -11 -18   2   0
1  -6   2   9  20   0
1 -10 -17   2  20   0
1 -10 -17   2  19   0
1 -11   2  17  20   0
1 -14 -16 -18   2   0
1 -14 -17   2  18   0
1 -18   2  16  20   0
1 -14 -18   2  12   0
1   2   9  14  20   0
1   2   7   8  16   0
1 -6  2  5  9  0
1   2   5  12  20   0
1  -4 -17   2   3   0
1 -10   2   3  16   0
1 -2 -3  1  5  0
1  -2  -7 -17   1   0
1  -2   1  16  18   0
1  -2 -20   1  14   0
1  -3 -16 -17   1   0
1  -4   1  11  18   0
1  -4 -17   1   8   0
1  -6  -9   1  14   0
1  -7  -8   1  17   0
1  -9 -11 -19   1   0
1 -11 -18 -20   1   0
1 -17   1  14  20   0
1   1  12  13  18   0
1 -14   1   7  18   0
1   1   6  15  16   0
1   1   6  10  11   0
1   1   5  15  20   0
1 -17   1   5   8   0
1 -18   1   5   8   0
1 -15   1   4  13   0
1 -20   1   4  12   0
1  -4 -20   1   3   0
1  -3 -13   1   2   0
1 -8 -9  1  2  0
