p wcnf 20 239 240
1  -1  -2 -10  19   0
1  -1  -3  -6  17   0
1  -1  -3 -16  11   0
1  -1  -3 -18   7   0
1  -1  -4 -13 -20   0
1  -1  -4   9  16   0
1  -1  -5  16  18   0
1  -1  -6 -12  20   0
1  -1  -6 -16  17   0
1  -1  -6 -17  16   0
1  -1  -7  15  16   0
1  -1  -8  13  20   0
1  -1 -11 -12  18   0
1  -1 -14 -15 -19   0
1  -1 -14 -19  17   0
1  -1 -15 -20  18   0
1  -1 -17 -20  19   0
1  -1 -17  13  15   0
1  -1 -15 -20  10   0
1  -1 -17  10  16   0
1  -1   7   8  14   0
1  -1 -11   6  12   0
1  -1 -15 -18   6   0
1  -1   6  13  15   0
1  -1 -10   5   9   0
1  -1  -7 -15   3   0
1  -1  -4   2  20   0
1  -1 -10   2  17   0
1  -2  -3  17  18   0
1  -2  -4 -10   8   0
1  -2  -5  -8  10   0
1  -2  -6 -10 -11   0
1  -2  -6  14  17   0
1  -2  -8  11  19   0
1  -2 -12 -16  18   0
1  -2 -13 -15  18   0
1  -2 -13  14  16   0
1  -2 -15 -19  14   0
1  -2 -13 -18   9   0
1  -2 -20   7  17   0
1  -2 -13   6  18   0
1  -2   5   6  14   0
1  -2 -10   3  18   0
1  -2 -11 -15   3   0
1  -2 -18   3  16   0
1  -2 -11   3   6   0
1 -2  3  4  8  0
1  -3  -4 -11 -17   0
1  -3  -4 -17  16   0
1  -3  -4   7  16   0
1  -3  -5  -8 -11   0
1  -3  -5 -15 -18   0
1  -3  -5   9  13   0
1  -3  -6  12  20   0
1  -3  -6   7  13   0
1  -3  -7 -12 -19   0
1  -3  -7  17  19   0
1  -3  -8  16  20   0
1  -3  -9  12  18   0
1  -3 -13 -17  15   0
1 -3 -8 -9  7  0
1  -3  -8   4  12   0
1  -3 -16   4   8   0
1  -4  -6   9  13   0
1  -4  -7   9  12   0
1  -4  -9 -17 -20   0
1  -4 -10 -18  15   0
1  -4 -17 -18  15   0
1  -4 -17  10  15   0
1  -4   9  11  16   0
1  -4 -14 -16   7   0
1  -4   7  12  19   0
1  -4   7   9  11   0
1  -4 -13   6  15   0
1  -4 -16   6  12   0
1  -4  -8   5  13   0
1  -4 -18   5  15   0
1  -5  -6  15  16   0
1  -5  -8  -9 -17   0
1  -5 -13  14  19   0
1  -5 -16  14  18   0
1  -5 -19  13  20   0
1  -5 -12 -13  10   0
1  -5   8  14  19   0
1  -6  -9 -10  13   0
1  -6  -9 -18  15   0
1  -6 -11 -14  13   0
1  -6 -14 -19  20   0
1  -6 -17  14  19   0
1  -6 -12  10  17   0
1  -7 -11 -16  13   0
1  -7 -16 -19  18   0
1  -7  10  12  17   0
1  -7   8  19  20   0
1  -8  -9 -17  14   0
1  -8 -10 -11  20   0
1  -8 -12  16  18   0
1  -8 -20  11  18   0
1  -8 -14   9  19   0
1  -9 -10 -13 -15   0
1  -9  15  17  20   0
1  -9  15  17  18   0
1  -9 -16 -20  13   0
1  -9  10  17  20   0
1  -9  10  17  18   0
1 -11 -12 -18  16   0
1 -11 -15 -19  20   0
1 -11 -20  13  19   0
1 -11  13  17  18   0
1 -14  15  17  19   0
1 -17  15  19  20   0
1 -15 -20  14  16   0
1  13  14  17  20   0
1 -13  12  14  15   0
1 -13 -20  11  14   0
1 -18 -19  11  15   0
1 -13 -16  11  12   0
1 -11 -15  10  14   0
1 -10 -16 -17   9   0
1 -11 -13   9  16   0
1 -14 -16   9  17   0
1 -17   9  15  16   0
1 -15 -18   9  13   0
1 -17   9  13  15   0
1 -16   9  11  17   0
1 -12 -18   9  10   0
1 -16 -17   9  10   0
1 -12 -14 -17   8   0
1 -14 -16   8  15   0
1 -20   8  15  16   0
1  -8   7  11  20   0
1 -10   7  15  16   0
1 -10   7  14  15   0
1 -11   7  16  17   0
1 -14 -17 -20   7   0
1 -14 -17   7  20   0
1 -20   7  16  17   0
1 -15 -19   7  11   0
1   7   9  11  12   0
1  -7   6  12  16   0
1  -8  -9 -15   6   0
1  -8 -16   6  17   0
1 -10 -11 -15   6   0
1 -10   6  18  19   0
1 -10   6  12  18   0
1 -19   6  11  18   0
1 -20   6  11  15   0
1   6  11  14  18   0
1 -20   6   9  19   0
1   6   9  12  13   0
1  -9   6   8  16   0
1 -12 -17   6   8   0
1 -18 -19   6   8   0
1   6   8  10  16   0
1 -17   6   8   9   0
1  -6 -10   5  16   0
1  -8 -11 -12   5   0
1  -8 -18   5  17   0
1  -8 -14   5  13   0
1  -9 -19   5  18   0
1 -13 -16 -18   5   0
1 -14   5  11  16   0
1 -18   5   8  13   0
1 -15   5   7  12   0
1 -17   5   6   9   0
1  -5 -16   4  12   0
1  -5 -18   4  10   0
1  -5 -16   4   9   0
1  -6 -18   4  20   0
1  -8  -9 -14   4   0
1  -9   4  15  20   0
1 -11 -18   4  20   0
1 -18 -20   4  19   0
1 -16   4  13  14   0
1 -15   4  10  17   0
1 -14   4   7  16   0
1   4   7  11  16   0
1 -19   4   6  13   0
1  -4 -11 -12   3   0
1  -4 -11   3   7   0
1 -4 -8  3  5  0
1  -6 -19 -20   3   0
1  -7 -13 -14   3   0
1  -9 -10 -15   3   0
1 -10 -12   3  11   0
1 -12 -17   3  15   0
1   3  12  14  15   0
1 -16 -19   3  10   0
1 -20   3  10  17   0
1 -15   3   9  13   0
1 -19   3   9  11   0
1  -9   3   8  17   0
1   3   8  15  19   0
1  -9 -14   3   7   0
1 -13   3   6   7   0
1  -6   3   5  20   0
1  -3 -11 -15   2   0
1  -4  -8 -20   2   0
1  -4 -17   2  11   0
1  -7 -14 -18   2   0
1 -10 -14 -16   2   0
1 -10 -18   2  17   0
1 -10 -20   2  13   0
1 -10 -12   2  11   0
1 -16 -18   2  15   0
1 -17   2  14  20   0
1 -18 -19   2  13   0
1   2  10  15  18   0
1 -19   2   9  20   0
1 -18   2   9  16   0
1   2   5  15  20   0
1 -17   2   4  19   0
1  -4   2   3  11   0
1 -15   2   3  20   0
1 -19   2   3  12   0
1  -2 -10 -14   1   0
1  -2 -18   1  12   0
1  -3 -14 -17   1   0
1  -3 -14   1  17   0
1  -9 -17   1  15   0
1  -9   1  12  13   0
1  -9   1  10  13   0
1 -13 -16 -18   1   0
1 -17 -18 -20   1   0
1 -18 -19   1  16   0
1 -12   1  11  13   0
1 -19   1  11  17   0
1 -13   1  10  12   0
1 -16 -19   1   8   0
1 -20   1   8  10   0
1 -10 -14   1   7   0
1 -19   1   6  14   0
1   1   6  11  17   0
1  -9   1   4  19   0
1 -12   1   4  20   0
1  -5   1   3  18   0
1 -16   1   3  12   0
1   1   3   6  14   0
1 -16   1   2   9   0
