p wcnf 20 239 240
1  -1  -2  14  19   0
1  -1  -3 -10 -18   0
1  -1  -4  -9  10   0
1  -1  -4 -16  10   0
1  -1  -4 -16   9   0
1 -1 -4 -8  7  0
1  -1  -4 -12   5   0
1  -1  -6 -12  10   0
1  -1  -8 -12 -13   0
1  -1  -8   9  14   0
1  -1 -10  12  16   0
1  -1 -14  11  18   0
1  -1 -18  11  16   0
1  -1 -16  11  13   0
1  -1 -10 -19   7   0
1  -1  -7   6  20   0
1  -1   6  13  14   0
1  -1 -17   5   6   0
1  -1 -17   4   9   0
1  -1 -10   3  15   0
1  -1 -12 -15   3   0
1  -1 -13   3   6   0
1  -1  -3 -10   2   0
1  -1  -8 -18   2   0
1  -1 -19 -20   2   0
1  -1 -19   2  17   0
1 -2 -3  7  9  0
1  -2  -4 -11  16   0
1  -2  -4 -11  13   0
1  -2  -4 -16  17   0
1  -2  -5 -15  19   0
1  -2  -6  -9  11   0
1  -2  -7 -18  20   0
1  -2  -9  10  14   0
1  -2  12  14  15   0
1  -2 -13   9  17   0
1  -2   9  15  19   0
1  -2 -13   7  12   0
1  -2   5  11  16   0
1  -2 -11   3  14   0
1 -2  3  5  6  0
1  -3  -4 -12  11   0
1  -3  -4 -20  11   0
1  -3  -4   8  12   0
1 -3 -4 -9  7  0
1  -3  -4   7  14   0
1  -3  -6 -12 -15   0
1  -3  -6 -20  12   0
1  -3  -7 -15   9   0
1  -3  -9 -16 -17   0
1  -3 -14 -17 -20   0
1  -3 -17  15  18   0
1  -3  12  17  18   0
1  -3   9  11  18   0
1  -3 -19   8  15   0
1  -3   8   9  17   0
1  -3 -18   7  12   0
1  -3   6  15  20   0
1  -3  -6 -10   5   0
1  -3 -16 -20   4   0
1  -3   4  10  12   0
1  -4  -5  11  19   0
1  -4  -6 -15  13   0
1  -4  -6   8  10   0
1  -4  -8  12  16   0
1  -4  -9 -18 -19   0
1  -4 -11 -15  18   0
1  -4 -11 -20  17   0
1  -4 -12  15  19   0
1  -4  12  15  16   0
1  -4 -20   9  12   0
1  -4 -17   8  13   0
1  -4 -14   5   6   0
1  -5  -8 -11  16   0
1  -5 -12 -14 -17   0
1  -5 -14 -16  20   0
1  -5 -16 -17 -18   0
1  -5  12  14  17   0
1  -5  10  15  17   0
1  -5 -14  10  12   0
1  -5 -14 -18   9   0
1  -5 -15 -19   8   0
1  -5 -11 -14   7   0
1  -5   7  12  18   0
1  -5  -8 -19   6   0
1  -5 -20   6   7   0
1  -6  -7  -8 -14   0
1  -6  -7  -9 -14   0
1  -6  -7  12  16   0
1  -6  -8 -14  16   0
1  -6  -8  13  20   0
1  -6  -8  12  13   0
1  -6  -9  16  18   0
1  -6 -12 -13  20   0
1  -6 -13  16  17   0
1  -6 -17 -19  11   0
1  -6 -12 -15  10   0
1  -6 -17   7  14   0
1  -7 -10 -13  11   0
1  -7  11  13  14   0
1  -7 -15   9  14   0
1  -7 -10   8  18   0
1  -8 -10 -16 -17   0
1  -8 -13 -17  20   0
1  -8  11  12  14   0
1  -8 -11 -16  10   0
1  -8 -13  10  20   0
1  -8 -14  10  20   0
1  -8 -11   9  13   0
1  -8 -16   9  13   0
1  -9 -11 -12 -17   0
1  -9 -13 -15 -18   0
1  -9 -19  11  16   0
1 -10 -19  15  16   0
1 -10 -18  14  17   0
1 -10 -16  13  20   0
1 -10 -19  11  20   0
1 -11 -20  16  18   0
1 -11 -19  13  18   0
1 -11 -13 -18  12   0
1 -11 -18 -20  12   0
1 -12 -14 -15  17   0
1 -13 -14  17  20   0
1 -14 -17 -19  20   0
1 -17  13  19  20   0
1 -13 -18  12  19   0
1 -14 -19  12  18   0
1 -13 -14  10  15   0
1 -13 -20  10  16   0
1 -14 -16 -17  10   0
1 -15 -16 -18  10   0
1 -14 -15   9  19   0
1 -13 -18   9  12   0
1 -18   9  11  16   0
1  -9 -10 -13   8   0
1 -11 -16   8  19   0
1 -11   8  15  18   0
1 -15 -17   8  20   0
1 -12   8  11  20   0
1 -11 -14   7  17   0
1 -12 -20   7  18   0
1 -14 -17   7  15   0
1 -15 -16   7  20   0
1 -16 -20   7  17   0
1   7  12  13  14   0
1  -8   6   9  16   0
1 -20   6  11  13   0
1 -11   6   7  15   0
1 -19   6   7  17   0
1  -6  -9   5  13   0
1  -6 -10 -17   5   0
1  -6 -13 -20   5   0
1  -8 -20   5  19   0
1  -9 -14   5  13   0
1 -12 -13   5  18   0
1 -15   5  19  20   0
1 -15   5  17  20   0
1 -20   5  11  12   0
1 -14 -18   5   8   0
1 -18   5   8  17   0
1   5   8  17  18   0
1   5   8  11  15   0
1  -8 -16   5   7   0
1  -6 -13   4  12   0
1  -7 -12   4  10   0
1  -8 -14   4  13   0
1 -11 -16 -20   4   0
1 -12   4  13  14   0
1 -17 -20   4  12   0
1 -17 -18   4   9   0
1   4   8  18  20   0
1   4   8  10  19   0
1  -4 -11   3  18   0
1  -4 -12 -13   3   0
1  -4 -15 -20   3   0
1  -4 -13   3   8   0
1  -5  -6   3  10   0
1  -5  -9   3  15   0
1  -5 -12   3  11   0
1  -6 -12   3  15   0
1  -7 -20   3  18   0
1  -7 -17   3   9   0
1  -8 -16   3  12   0
1  -8 -20   3  12   0
1  -9 -19   3  12   0
1 -12 -19   3  20   0
1   3   8  14  15   0
1 -10 -15   3   7   0
1   3   5  10  17   0
1 -18   3   5   6   0
1  -6   3   4  14   0
1 -13 -17   3   4   0
1 -14   3   4   7   0
1  -3  -4 -14   2   0
1  -3   2   6  11   0
1  -4  -6 -19   2   0
1  -5  -8 -16   2   0
1  -5  -9   2  19   0
1  -5 -15   2  16   0
1  -5 -12   2  11   0
1  -8   2  15  18   0
1  -9   2  17  19   0
1 -17 -18   2  13   0
1 -11 -19   2  10   0
1 -14   2   7  15   0
1   2   5  13  20   0
1   2   5  12  14   0
1 -15   2   5   8   0
1  -9   2   4  18   0
1 -11   2   3  16   0
1   2   3  15  20   0
1   2   3   5  17   0
1 -20   2   3   4   0
1 -2 -4 -9  1  0
1  -3 -13   1  10   0
1  -3   1   6  18   0
1  -4  -5   1  19   0
1  -4 -20   1  19   0
1  -4 -16   1  13   0
1  -5 -15   1  14   0
1  -6 -11   1  18   0
1  -6 -13   1  14   0
1  -7   1  12  20   0
1  -8 -10   1  16   0
1  -8   1   9  12   0
1 -10 -18 -19   1   0
1 -11 -14   1  19   0
1 -14 -15 -17   1   0
1 -14 -18   1  17   0
1   1  12  13  15   0
1 -13   1  11  14   0
1 -16   1  11  18   0
1 -17   1  11  16   0
1 -18   1   7   8   0
1  -9   1   4  11   0
1 -10   1   3  13   0
1 -14 -17   1   3   0
1   1   3  12  18   0
1 -14   1   2  19   0
