p wcnf 20 240 241
1  -1  -2  14  19   0
1  -1  -3  -4  18   0
1  -1  -3  -7 -11   0
1 -1 -4 -6  8  0
1  -1  -5 -14 -18   0
1  -1  -7  10  12   0
1  -1  -8 -14  12   0
1  -1 -13  17  19   0
1  -1 -15 -20  14   0
1  -1  13  16  18   0
1  -1 -16  12  18   0
1  -1  11  17  18   0
1  -1 -14  10  16   0
1  -1  10  12  14   0
1  -1 -14 -15   9   0
1  -1 -12   8  16   0
1  -1  -8   7  10   0
1  -1 -12   7   8   0
1  -1  -9   6  12   0
1  -1   5  19  20   0
1  -1 -15   5   7   0
1  -1  -7 -14   4   0
1  -1   3  12  18   0
1  -1 -16   3   8   0
1  -1   3   6  12   0
1  -1   2  13  17   0
1  -1   2  11  12   0
1  -2  -5  -9 -19   0
1  -2  -5 -11 -20   0
1  -2  -5 -12 -13   0
1  -2  -6 -20  10   0
1  -2  -7 -14  17   0
1  -2  -8 -11  15   0
1  -2  -8 -20  18   0
1  -2 -12  17  19   0
1  -2 -15 -16  12   0
1  -2 -20   9  14   0
1  -2  -9 -18   7   0
1  -2   7  11  13   0
1  -2  -9   6  13   0
1  -2 -10   4  13   0
1  -3  -4 -14   6   0
1  -3  -5  -7  20   0
1  -3  -5 -16  11   0
1  -3  -6 -12  14   0
1  -3  -6 -19   7   0
1  -3 -19  11  20   0
1  -3 -11   7  15   0
1  -3 -18   6  19   0
1  -3 -20   6  14   0
1  -3 -20   6  11   0
1  -4  -5  -8  10   0
1  -4  -5 -16 -19   0
1  -4  -7  -8 -14   0
1  -4 -18 -20  16   0
1  -4 -17 -19  10   0
1  -4  -8 -19   7   0
1  -4 -18   7  12   0
1  -4   5   9  20   0
1  -5  -6   9  14   0
1  -5  -7 -17  16   0
1  -5  -8  14  19   0
1  -5 -10 -11  13   0
1  -5 -11  13  15   0
1  -5 -12 -14 -18   0
1  -5 -20  15  18   0
1  -5 -18  14  15   0
1  -5 -15  12  16   0
1  -5 -10   7  18   0
1  -6  -8 -12  13   0
1  -6 -12 -20  17   0
1  -6 -20  13  17   0
1  -6  13  15  18   0
1  -6  -9 -10   7   0
1  -6 -10 -17   7   0
1  -6 -15   7  20   0
1  -7  -8 -14 -19   0
1  -7 -11 -12  18   0
1  -7 -11 -13 -18   0
1  -7 -13 -15 -18   0
1  -7 -16 -19  13   0
1  -7  13  18  19   0
1  -7  10  13  18   0
1  -7  10  12  18   0
1  -7 -14 -15   9   0
1  -7 -16   9  14   0
1  -7 -19   9  12   0
1  -7   8  15  19   0
1  -8 -16 -20  17   0
1  -8 -16  13  17   0
1  -8 -19  12  16   0
1  -8 -17 -19   9   0
1  -9 -10 -11  20   0
1  -9 -12  14  19   0
1  -9 -15  19  20   0
1  -9 -16  11  13   0
1 -10 -13  14  18   0
1 -11 -13 -17  14   0
1 -11 -20  15  16   0
1 -12 -16 -20  17   0
1 -12  16  17  20   0
1 -12 -15  13  19   0
1 -13 -18 -20  16   0
1 -14  15  17  19   0
1 -15 -16 -19  18   0
1 -15 -18  16  20   0
1 -15 -20  13  17   0
1 -18 -19  13  14   0
1 -14 -16 -18  12   0
1 -18  12  14  19   0
1 -12  11  14  17   0
1 -15  11  18  20   0
1 -11 -20  10  16   0
1 -11  10  16  20   0
1 -14 -18 -20  10   0
1 -13  10  11  20   0
1 -12 -14 -20   9   0
1 -14 -18   9  20   0
1   9  13  15  17   0
1 -14 -15   9  10   0
1 -16 -19   9  10   0
1 -18   8  17  20   0
1 -17   8  12  20   0
1 -13 -19   8  10   0
1   8  10  16  20   0
1 -11 -14   8   9   0
1 -13 -17   8   9   0
1 -18   8   9  11   0
1  -9 -10   7  12   0
1  -9 -12 -13   7   0
1  -9   7  10  18   0
1 -13 -16   7  12   0
1 -16 -17   7  12   0
1 -16   7  11  14   0
1   7  10  16  19   0
1   7  10  12  17   0
1 -12 -13   7   8   0
1  -7 -10   6  12   0
1  -8 -17   6  14   0
1  -8 -19   6  11   0
1  -9 -16 -19   6   0
1 -13 -16 -20   6   0
1 -14   6  16  19   0
1 -15 -17   6  13   0
1 -16   6  13  17   0
1 -15 -16   6  12   0
1 -13 -18   6  11   0
1 -19   6  10  20   0
1 -13   6   9  14   0
1  -6 -15   5  10   0
1 -6  5  8  9  0
1  -7 -10   5  11   0
1  -9   5  11  13   0
1 -10 -17   5  20   0
1 -11 -16 -18   5   0
1 -15   5  13  16   0
1   5  10  15  17   0
1 -10 -16   5   9   0
1 -16 -17   5   9   0
1 -18   5   9  14   0
1 -20   5   8  10   0
1 -11 -19   5   6   0
1   5   6   7  13   0
1  -5 -16   4   8   0
1  -6 -18   4  10   0
1  -7 -19   4  11   0
1 -11 -17   4  19   0
1 -13 -14   4  19   0
1 -13 -17   4  14   0
1 -15   4  12  14   0
1 -11 -13   4   8   0
1 -10 -17   4   7   0
1  4  7  8  9  0
1  -7 -20   4   6   0
1   4   6   7  14   0
1 -10   4   5   8   0
1  -4 -13   3   9   0
1  -6 -12   3  15   0
1  -8 -17   3  16   0
1 -10 -17   3  11   0
1 -18   3  15  16   0
1   3  11  16  20   0
1 -15 -17   3  10   0
1 -10   3   9  19   0
1 -14 -16   3   9   0
1 -19   3   9  12   0
1   3   8  11  15   0
1 -18   3   7  16   0
1   3   7   9  16   0
1 -13 -19   3   4   0
1 -11   3   4   5   0
1  -4   2   7  14   0
1  -8  -9   2  19   0
1  -8 -10   2  18   0
1  -8 -10   2  14   0
1  -9 -14   2  12   0
1 -11 -16   2  17   0
1 -11 -17 -18   2   0
1 -14 -20   2  17   0
1 -16   2  15  20   0
1  -8 -16   2   7   0
1 -11   2   6  18   0
1 -12   2   6  15   0
1  -7   2   5  19   0
1 -13   2   4  17   0
1   2   4  17  18   0
1  -6 -13   2   3   0
1 -11 -19   2   3   0
1 -13   2   3  17   0
1 -20   2   3   4   0
1  -2 -11   1  13   0
1  -2 -10   1   9   0
1 -3 -6 -8  1  0
1  -3 -12   1  10   0
1  -3 -20   1  10   0
1  -5 -12   1  13   0
1  -6   1   8  13   0
1  -8 -11 -12   1   0
1  -8 -13 -20   1   0
1  -9 -12 -16   1   0
1  -9   1  12  17   0
1 -11 -17 -20   1   0
1 -19   1  18  20   0
1 -18   1  15  20   0
1 -15 -17   1  13   0
1 -18   1  11  12   0
1   1   9  11  14   0
1 -11 -19   1   8   0
1 -13   1   7  19   0
1   1   6   9  20   0
1 -6 -9  1  5  0
1 -6  1  5  9  0
1 -15   1   4   7   0
1   1   3  11  20   0
1  -4 -11   1   2   0
1  -6   1   2  16   0
1 -19   1   2  10   0
1   1   2  10  15   0
1 -13   1   2   7   0
1   1   2   4  18   0
