p wcnf 25 224 225
1  -1  -2 -16   0
1  -1  -6 -24   0
1  -1  -7 -11   0
1  -1 -15  23   0
1  -1  13  22   0
1  -1 -13  12   0
1  -1  12  24   0
1  -1 -20   6   0
1  -1   5  22   0
1  -1   3  25   0
1  -2 -12  25   0
1  -2 -14 -16   0
1  -2 -16  21   0
1  -2 -21 -23   0
1  -2 -20  14   0
1  -2 -21   7   0
1  -3  -4  10   0
1  -3  -7  22   0
1  -3  -8 -20   0
1  -3  -9  15   0
1  -3 -10 -17   0
1  -3 -10  21   0
1  -3 -11 -19   0
1  -3 -12 -25   0
1  -3 -17  25   0
1  -3 -20  23   0
1  -3  16  25   0
1  -3  15  22   0
1  -3 -23  14   0
1  -3 -18  12   0
1  -4  -6  11   0
1  -4  -8  13   0
1  -4 -10 -19   0
1  -4 -11 -22   0
1  -4 -19  24   0
1  -4 -22  15   0
1  -4 -18  10   0
1  -4 -11   8   0
1  -4 -25   8   0
1  -4   8  10   0
1  -4   6  11   0
1 -5 -6 -8  0
1  -5  -7 -14   0
1  -5  -7  18   0
1  -5 -11  22   0
1  -5 -14  25   0
1  -5 -17  13   0
1  -5 -22  12   0
1  -5 -19   9   0
1 -5  7  8  0
1  -6  -7 -24   0
1  -6 -12  18   0
1  -6 -12  17   0
1  -6 -13 -24   0
1  -6 -18  24   0
1  -6  16  22   0
1  -6 -17  15   0
1  -7 -10  23   0
1  -7 -10  22   0
1  -7 -18  20   0
1  -7  22  24   0
1  -7  16  20   0
1  -7   8  21   0
1  -7   8  18   0
1  -8  -9  22   0
1  -8 -11  22   0
1  -8 -11  19   0
1  -8 -12  20   0
1  -8 -16  17   0
1  -8 -18  24   0
1  -8  23  25   0
1  -8  15  25   0
1  -8  12  22   0
1  -9 -17  23   0
1  -9 -24 -25   0
1  -9 -17  15   0
1  -9  12  21   0
1 -10 -11 -17   0
1 -10 -17 -22   0
1 -10 -18  22   0
1 -10 -24  16   0
1 -10 -25  15   0
1 -10  15  23   0
1 -10  15  18   0
1 -10 -23  14   0
1 -11 -14 -15   0
1 -11 -20 -21   0
1 -11 -25  22   0
1 -11  18  23   0
1 -11  18  19   0
1 -12 -18 -21   0
1 -12 -24  20   0
1 -12 -22  18   0
1 -12  17  22   0
1 -12  16  19   0
1 -13 -15 -22   0
1 -13 -15  19   0
1 -13 -19 -21   0
1 -13 -19 -24   0
1 -13 -21  25   0
1 -13 -22 -23   0
1 -14 -19 -20   0
1 -14 -20 -25   0
1 -14 -21  25   0
1 -14  22  23   0
1 -15 -18  20   0
1 -15  19  22   0
1 -16 -18 -19   0
1 -16 -18 -22   0
1 -16 -19  20   0
1 -16 -21 -23   0
1 -16 -21  17   0
1 -17 -20  24   0
1 -17 -22  20   0
1 -18 -19  22   0
1 -19  24  25   0
1 -19 -24  21   0
1 -20 -21  25   0
1 -23  19  20   0
1 -23  18  19   0
1 -19  16  21   0
1  16  21  23   0
1 -23  15  25   0
1 -24  15  23   0
1  15  19  25   0
1 -17 -22  14   0
1 -20  14  23   0
1 -16  13  17   0
1 -19 -21  13   0
1 -19 -25  12   0
1 -19  12  16   0
1 -23  12  15   0
1 -21  12  14   0
1 -12 -13  11   0
1 -12  11  19   0
1 -16 -25  11   0
1 -18 -20  11   0
1  11  15  19   0
1 -18  11  13   0
1 -17 -24  10   0
1 -21  10  19   0
1  10  16  17   0
1 -22  10  13   0
1 -10   9  17   0
1 -11 -21   9   0
1 -17 -24   9   0
1 -24   9  17   0
1 -17   9  14   0
1   9  10  16   0
1 -12 -20   8   0
1 -13 -25   8   0
1 -16 -19   8   0
1 -18 -24   8   0
1 -21   8  24   0
1 -17   8  14   0
1   8  14  17   0
1 -19   8  11   0
1 -24   8  11   0
1  -8 -16   7   0
1  -9   7  16   0
1 -11   7  16   0
1   7  17  23   0
1 -20   7  14   0
1   7  14  18   0
1   7  14  15   0
1 -10   7   9   0
1 -12   6  23   0
1   6  12  25   0
1 -11   6  10   0
1  -8   5  18   0
1 -11   5  25   0
1 -15 -21   5   0
1 -15   5  18   0
1 -24   5  17   0
1 -25   5  13   0
1 -16   5  11   0
1   5   9  13   0
1   5   8  21   0
1   5   8  14   0
1 -5  4  9  0
1 -16   4  17   0
1 -17 -21   4   0
1 -17 -23   4   0
1   4  20  21   0
1   4   9  12   0
1 -12   4   7   0
1 -10   4   6   0
1 -5 -6  3  0
1  -6 -19   3   0
1  -9   3  19   0
1 -12 -18   3   0
1 -19   3  25   0
1 -21   3  22   0
1 -23 -24   3   0
1 -24 -25   3   0
1   3  12  17   0
1   3   9  11   0
1 -11   3   8   0
1 -20   3   6   0
1   3   4  25   0
1 -12   2  21   0
1 -18   2  19   0
1 -21   2  12   0
1 -15   2   8   0
1 -18   2   8   0
1   2   4  22   0
1   2   3  11   0
1  -5 -12   1   0
1 -10 -23   1   0
1 -12 -13   1   0
1 -13   1  22   0
1 -19 -24   1   0
1 -22   1  25   0
1 -24   1  22   0
1   1  12  20   0
1 -17   1  10   0
1 -24   1  10   0
1 -18   1   7   0
1 -21   1   7   0
1   1   7  24   0
1 -12   1   6   0
1 -13   1   6   0
1 -10   1   5   0
1   1   5  13   0
