p wcnf 25 220 221
1 -1 -3 -7  0
1  -1  -4 -18   0
1  -1  -4 -20   0
1  -1 -16 -18   0
1  -1 -21  19   0
1  -1  18  22   0
1  -1 -11  10   0
1  -1   4  18   0
1  -1   4  11   0
1  -2  -3 -17   0
1 -2 -7 -8  0
1  -2 -10 -25   0
1  -2 -22 -24   0
1  -2 -24  20   0
1  -2 -24  16   0
1  -2  14  18   0
1  -2  13  18   0
1  -2  12  18   0
1  -2  10  11   0
1  -2 -10   7   0
1  -2 -13   6   0
1  -2 -17   5   0
1  -2   5  23   0
1 -2 -7  3  0
1  -3  -4 -11   0
1  -3  -4  15   0
1  -3  -5  12   0
1  -3  -9  25   0
1  -3 -11  20   0
1  -3 -22  15   0
1  -3  13  24   0
1  -3  13  20   0
1  -3   9  16   0
1  -3 -18   7   0
1  -3   5  21   0
1  -3   4  25   0
1  -4  -7  21   0
1  -4  -8 -23   0
1  -4 -10  22   0
1  -4 -13  23   0
1  -4 -18 -25   0
1  -4 -24  17   0
1  -4 -21   7   0
1  -5  -8 -16   0
1  -5  -8 -18   0
1  -5 -22  24   0
1  -5  19  24   0
1  -5 -18  15   0
1  -5  14  23   0
1  -5   7  21   0
1  -6  -7 -19   0
1  -6  -9 -15   0
1  -6  -9  16   0
1  -6  -9  13   0
1  -6 -10 -21   0
1  -6 -18 -21   0
1  -6 -20  19   0
1  -6 -22  15   0
1  -6  13  20   0
1  -6  13  19   0
1  -6  11  15   0
1  -6 -15   9   0
1  -6   9  11   0
1  -7  -9  23   0
1  -7  -9  22   0
1  -7 -18 -25   0
1  -7 -19  21   0
1  -7 -20  22   0
1  -7 -21 -23   0
1  -7  11  16   0
1  -7 -24   8   0
1  -7   8  20   0
1  -8 -10  13   0
1  -8 -11  15   0
1  -8 -12  13   0
1  -8 -17 -25   0
1  -8 -13  11   0
1  -8 -25  11   0
1  -8  10  23   0
1  -8   9  18   0
1  -9  21  24   0
1  -9 -25  17   0
1  -9  17  18   0
1  -9 -24  16   0
1  -9  11  15   0
1  -9 -21  10   0
1  -9  10  19   0
1 -10 -12 -15   0
1 -10 -15  23   0
1 -10 -17  22   0
1 -10 -21  25   0
1 -10 -20  17   0
1 -10 -20  12   0
1 -11 -14 -19   0
1 -11 -16 -22   0
1 -11 -20 -22   0
1 -11 -23  24   0
1 -11  15  19   0
1 -11  12  16   0
1 -12  21  25   0
1 -12  16  24   0
1 -13 -15  23   0
1 -13 -24  20   0
1 -13 -23  19   0
1 -13 -25  19   0
1 -14 -16 -22   0
1 -14 -17  25   0
1 -14 -18 -25   0
1 -14 -19  25   0
1 -15  18  22   0
1 -15 -20  17   0
1 -17 -21 -25   0
1 -17  23  25   0
1 -18 -22  19   0
1 -20  21  22   0
1 -22 -24  23   0
1 -21 -22  19   0
1  17  21  25   0
1 -23  16  25   0
1 -16 -19  15   0
1 -16 -25  15   0
1  15  24  25   0
1 -25  15  20   0
1 -23  15  16   0
1 -18  14  25   0
1  14  19  24   0
1  14  16  22   0
1 -16 -20  13   0
1 -20 -24  13   0
1 -24  13  23   0
1 -23  13  20   0
1  13  20  24   0
1 -25  13  15   0
1 -23  13  14   0
1 -13 -19  12   0
1 -14 -23  12   0
1 -20  12  25   0
1 -23  12  20   0
1  12  19  20   0
1  12  13  15   0
1 -13 -18  11   0
1 -24  11  23   0
1 -14 -19  10   0
1 -14  10  23   0
1 -17 -21  10   0
1  10  14  17   0
1 -12 -18   9   0
1 -22   9  24   0
1 -20   9  19   0
1   9  15  17   0
1 -20   9  14   0
1 -21   9  13   0
1   9  13  17   0
1  -9 -18   8   0
1 -10 -14   8   0
1 -11   8  18   0
1 -25   8  20   0
1 -17   8  15   0
1 -17   8  13   0
1   8  12  18   0
1   8   9  11   0
1 -10 -21   7   0
1 -24   7  25   0
1   7  24  25   0
1   7  20  23   0
1   7  12  18   0
1   7  11  14   0
1   7  10  19   0
1 -11 -25   6   0
1 -11   6  23   0
1 -12 -21   6   0
1 -12   6  16   0
1 -14   6  18   0
1 -21   6  19   0
1 -17   6  15   0
1 -14   6  10   0
1   6   9  22   0
1   6   9  20   0
1   6   7  25   0
1 -13   5  25   0
1 -15   5  23   0
1 -16   5  20   0
1 -19   5  25   0
1 -24   5  20   0
1 -15   5  14   0
1   5  14  21   0
1   5  10  13   0
1   5  10  11   0
1 -23   5   6   0
1 -5  4  7  0
1 -13 -19   4   0
1 -19   4  21   0
1   4  16  23   0
1   4  14  25   0
1   4   5  10   0
1  -4 -17   3   0
1  -4 -23   3   0
1 -5 -9  3  0
1  -6   3  14   0
1 -7 -9  3  0
1  -7   3  16   0
1 -11 -14   3   0
1 -12   3  24   0
1 -18   3  20   0
1 -24   3   7   0
1  -7 -25   2   0
1  -7   2  15   0
1  -9 -16   2   0
1  -9 -24   2   0
1 -14   2  19   0
1 -11   2  10   0
1 -14   2   5   0
1 -2  1  6  0
1 -17 -19   1   0
1 -21   1  24   0
1 -17   1  16   0
1 -18   1  12   0
1 -11   1   9   0
1 -6  1  5  0
1 -15   1   5   0
