p wcnf 25 224 225
1  -1  -2 -23   0
1  -1  -2  21   0
1  -1  -3  13   0
1  -1  -6  18   0
1 -1 -6  9  0
1  -1 -15  22   0
1  -1 -18 -21   0
1  -1 -22  15   0
1  -1 -17  10   0
1  -1 -15   9   0
1  -1   6  18   0
1  -1   5  25   0
1 -1 -8  3  0
1  -1   3  14   0
1  -1   2  19   0
1  -1   2  12   0
1 -1  2  3  0
1  -2  -3  23   0
1  -2  -8 -13   0
1  -2  -9 -11   0
1  -2  17  22   0
1 -2 -9  8  0
1  -2 -16   5   0
1  -3  -4 -21   0
1  -3  -7  14   0
1  -3  -8 -15   0
1  -3 -10 -19   0
1  -3 -10 -20   0
1  -3 -12 -16   0
1  -3 -16  20   0
1  -3 -25  18   0
1  -3  17  24   0
1  -3  15  22   0
1  -3 -21  13   0
1  -3 -22  11   0
1  -3 -21   9   0
1  -3 -12   8   0
1 -3  8  9  0
1  -3   7  16   0
1  -3   5  24   0
1  -4 -22  20   0
1  -4 -25  20   0
1  -4  16  25   0
1  -4 -19  14   0
1  -4 -22   9   0
1  -4 -16   5   0
1  -5 -12 -15   0
1  -5 -21 -23   0
1  -5 -20  15   0
1  -5  15  24   0
1  -5 -18   7   0
1  -5   7  13   0
1  -6  -7 -16   0
1  -6 -12 -23   0
1  -6 -12  20   0
1  -6 -18 -24   0
1  -6 -20  25   0
1  -6 -24  23   0
1  -6  16  20   0
1  -6   8  12   0
1 -6 -8  7  0
1  -6   7  13   0
1  -7  -9 -10   0
1  -7 -10  24   0
1  -7 -16 -20   0
1  -7 -19 -21   0
1  -7 -20 -24   0
1  -7  19  20   0
1  -7 -21  16   0
1  -7   8  22   0
1  -8 -17 -19   0
1  -8 -17  21   0
1  -8 -20 -23   0
1  -8 -18  12   0
1  -9 -10  14   0
1  -9 -12 -13   0
1  -9 -12  24   0
1  -9  12  22   0
1  -9  12  21   0
1  -9 -25  11   0
1  -9 -15  10   0
1  -9  10  25   0
1  -9  10  20   0
1 -10 -12 -21   0
1 -10 -21  18   0
1 -10  16  19   0
1 -10 -25  14   0
1 -10 -24  12   0
1 -11 -12  16   0
1 -11 -16 -18   0
1 -11 -19 -24   0
1 -11 -19  24   0
1 -11 -20  22   0
1 -11  17  23   0
1 -11 -21  14   0
1 -12 -16  17   0
1 -12 -17  23   0
1 -12 -23  24   0
1 -12  13  19   0
1 -13 -17 -23   0
1 -13 -21  23   0
1 -13 -19  16   0
1 -14 -15  24   0
1 -14  18  22   0
1 -14  17  24   0
1 -14  17  21   0
1 -15  19  25   0
1 -15 -23  18   0
1 -16 -17  22   0
1 -16 -21 -25   0
1 -17  20  24   0
1 -17  20  23   0
1 -17  18  25   0
1 -18  23  24   0
1 -19 -21  23   0
1 -19 -22  21   0
1 -20 -21 -23   0
1 -24  21  22   0
1 -24 -25  20   0
1 -22  18  24   0
1  18  21  22   0
1  17  19  25   0
1 -21 -22  16   0
1 -16 -18  15   0
1 -16 -24  15   0
1 -19  15  20   0
1 -24 -25  15   0
1 -19  15  17   0
1 -15  14  17   0
1 -17  14  23   0
1 -18 -19  14   0
1 -20 -25  14   0
1 -13 -18  11   0
1 -13  11  23   0
1 -14  11  22   0
1 -19  11  21   0
1 -20  11  23   0
1 -20  11  21   0
1 -24  11  23   0
1 -22  11  12   0
1 -12 -23  10   0
1 -12  10  14   0
1 -13 -20  10   0
1 -14 -23  10   0
1 -15 -23  10   0
1 -20  10  25   0
1  10  14  21   0
1 -10   9  14   0
1 -17   9  23   0
1 -18   9  22   0
1 -24   9  19   0
1 -21   9  18   0
1 -18   9  15   0
1 -21   9  14   0
1 -10   8  20   0
1 -20   8  25   0
1   8  14  15   0
1   8  13  19   0
1   8  12  17   0
1 -20   8  11   0
1   8   9  13   0
1 -14 -20   7   0
1 -14   7  20   0
1 -21   7  17   0
1 -20   7  11   0
1 -25   7   8   0
1 -13   6  20   0
1 -16   6  22   0
1 -25   6  20   0
1 -21   6  17   0
1 -24   6  17   0
1 -21   6  16   0
1   6  16  23   0
1   6  16  17   0
1 -21   6  15   0
1   6  15  19   0
1   6   7  11   0
1 -6  5  8  0
1  -9 -23   5   0
1  -9   5  10   0
1 -15 -25   5   0
1 -15   5  17   0
1 -16 -20   5   0
1 -19 -25   5   0
1   5  10  20   0
1  5  8  9  0
1   5   6  19   0
1 -6 -7  4  0
1   4   9  23   0
1 -8  4  7  0
1  -5   3  11   0
1 -11   3  12   0
1 -12 -17   3   0
1 -13 -20   3   0
1 -15 -16   3   0
1 -16   3  18   0
1   3  12  13   0
1 -22   3   5   0
1   3   4  18   0
1  -3 -22   2   0
1  -8 -11   2   0
1  -8   2  24   0
1 -19 -20   2   0
1   2  15  18   0
1   2  14  19   0
1 -15   2  13   0
1   2  13  20   0
1 -19   2  12   0
1 -21   2  10   0
1   2   6  23   0
1 -21   2   5   0
1   2   5  10   0
1 -19   2   3   0
1 -6  1  7  0
1 -7 -8  1  0
1  -7 -21   1   0
1  -9 -24   1   0
1 -11   1  22   0
1 -19 -24   1   0
1   1  18  20   0
1 -20   1  14   0
1 -18   1  12   0
1 -15   1   8   0
1   1   3  16   0
