p wcnf 25 225 226
1  -1 -12 -23   0
1  -1 -14  16   0
1  -1 -15 -19   0
1  -1 -23  14   0
1  -1 -16  10   0
1  -1   9  20   0
1  -1   8  12   0
1  -1 -16   7   0
1  -1 -21   7   0
1  -1 -21   6   0
1  -1   6  25   0
1  -1 -14   3   0
1 -2 -3  7  0
1  -2  -4 -16   0
1  -2  -4  23   0
1  -2  -5  16   0
1  -2 -21  19   0
1  -2 -22  18   0
1  -2 -22  14   0
1  -2  10  23   0
1  -2 -10   9   0
1  -2 -18   8   0
1  -2 -22   8   0
1  -2   5  15   0
1  -3  -5  13   0
1  -3 -10  20   0
1  -3 -11 -21   0
1  -3 -16 -17   0
1  -3 -16 -22   0
1  -3 -19 -21   0
1  -3  12  13   0
1  -3  11  13   0
1  -3  10  21   0
1  -3   9  10   0
1  -3 -20   8   0
1  -3   8  11   0
1  -3 -10   5   0
1  -4  -6 -14   0
1  -4  -6 -15   0
1  -4  -6  14   0
1  -4  -8  16   0
1  -4 -10  17   0
1  -4 -11 -18   0
1  -4 -11  18   0
1  -4 -12  16   0
1  -4 -25  24   0
1  -4 -22  19   0
1  -4  13  18   0
1  -4 -22  11   0
1  -5 -13 -17   0
1  -5 -18  19   0
1  -5 -19  14   0
1  -5 -16  13   0
1 -5  7  9  0
1  -6  -8 -14   0
1  -6  -9  11   0
1  -6 -14  25   0
1  -6 -15  25   0
1  -6 -20 -22   0
1  -6 -22  25   0
1  -6 -21  14   0
1  -6  13  17   0
1  -6  10  22   0
1  -6 -25   9   0
1  -7 -11  22   0
1  -7 -16  20   0
1  -7 -18  20   0
1  -7  21  23   0
1  -7 -22  18   0
1  -7  13  15   0
1  -7 -25  12   0
1  -7  12  13   0
1  -7 -13  11   0
1  -7  11  21   0
1  -7 -24   9   0
1  -7   9  15   0
1  -7   9  10   0
1  -8 -10  24   0
1  -8 -13 -17   0
1  -8 -15  18   0
1  -8  22  24   0
1  -8  15  19   0
1  -8 -15  12   0
1  -8  12  15   0
1  -8 -23  11   0
1  -8  11  15   0
1  -8   9  24   0
1  -9 -25  14   0
1  -9  14  18   0
1  -9 -15  12   0
1  -9 -13  10   0
1 -10 -13 -25   0
1 -10 -13  25   0
1 -10 -15 -25   0
1 -10 -14  12   0
1 -10 -15  11   0
1 -11 -15 -16   0
1 -11 -25  23   0
1 -11  19  20   0
1 -11  13  24   0
1 -11  13  21   0
1 -12 -15 -20   0
1 -12 -20  25   0
1 -12 -24  17   0
1 -12  17  19   0
1 -12 -22  16   0
1 -12  14  22   0
1 -13 -14  17   0
1 -13 -15 -25   0
1 -13 -16 -21   0
1 -13 -18  21   0
1 -13 -20  18   0
1 -14 -17 -24   0
1 -14 -25  18   0
1 -15 -21 -25   0
1 -15 -23  24   0
1 -15 -24  23   0
1 -16  23  25   0
1 -16  20  25   0
1 -16  19  24   0
1 -16 -19  17   0
1 -17 -21 -25   0
1 -18 -20 -23   0
1 -19 -20  22   0
1 -24  21  25   0
1 -21 -23  20   0
1 -21  19  24   0
1 -22 -24  19   0
1 -19  18  24   0
1 -21 -22  18   0
1  17  18  23   0
1 -17  16  25   0
1 -18 -23  16   0
1 -19 -23  16   0
1 -16 -20  15   0
1 -16 -24  15   0
1  15  22  24   0
1  15  18  21   0
1 -22  15  17   0
1  15  17  24   0
1  14  20  25   0
1 -22 -24  13   0
1 -25  13  17   0
1  13  15  22   0
1  13  14  17   0
1  12  20  21   0
1  12  17  20   0
1 -23  12  15   0
1 -14  11  17   0
1 -15  11  18   0
1 -23 -24  11   0
1 -20  11  13   0
1 -15 -16  10   0
1 -16 -18  10   0
1 -17  10  20   0
1 -19  10  25   0
1 -20  10  16   0
1 -25  10  14   0
1 -12   9  22   0
1 -13   9  25   0
1 -15   9  16   0
1 -16   9  21   0
1 -17   8  21   0
1 -18 -25   8   0
1 -23   8  25   0
1   8  16  19   0
1   8  13  21   0
1   7  21  25   0
1 -17   7  14   0
1   7   9  13   0
1 -12 -22   6   0
1 -12   6  14   0
1 -14 -17   6   0
1 -24   6  23   0
1   6  17  21   0
1 -15   6  11   0
1   6  11  19   0
1   6  11  15   0
1  -8 -10   5   0
1 -11   5  23   0
1 -13 -19   5   0
1 -13 -23   5   0
1 -14   5  12   0
1 -18   5  11   0
1   5   9  16   0
1  -6 -16   4   0
1  -6   4  11   0
1  -8   4  24   0
1 -10   4  23   0
1 -12   4  16   0
1 -16 -21   4   0
1   4  19  23   0
1  -5 -21   3   0
1  -6 -16   3   0
1  -6   3  23   0
1  -9 -12   3   0
1 -13   3  24   0
1 -15   3  25   0
1 -19   3   9   0
1   3   7  24   0
1  -3   2  10   0
1 -5  2  7  0
1 -11 -18   2   0
1 -15 -20   2   0
1   2  17  18   0
1   2  12  14   0
1   2  10  11   0
1 -8  2  5  0
1 -14   2   5   0
1  2  5  8  0
1 -9  2  4  0
1  -2 -24   1   0
1 -4 -6  1  0
1  -5   1  20   0
1  -9 -11   1   0
1 -13   1  16   0
1 -20 -21   1   0
1 -21   1  18   0
1   1   9  17   0
1   1   9  11   0
1 -25   1   7   0
1 -11   1   5   0
1 -13   1   4   0
1   1   4  19   0
1 -12   1   2   0
