p wcnf 25 224 225
1  -1  -2 -14   0
1  -1  -2 -18   0
1  -1  -9 -16   0
1  -1 -16  23   0
1  -1 -19 -21   0
1  -1  23  24   0
1  -1 -20  17   0
1  -1 -25  13   0
1  -1  13  22   0
1  -1  13  20   0
1  -1  12  18   0
1  -1 -25  11   0
1  -1 -24  10   0
1  -1   7  15   0
1  -1   7  10   0
1 -1 -6  5  0
1 -2 -3 -8  0
1  -2  -5  12   0
1  -2  -8 -21   0
1  -2 -10 -13   0
1  -2 -10 -25   0
1  -2 -11  21   0
1  -2 -25  24   0
1  -2  20  22   0
1  -2  15  25   0
1  -2 -21  11   0
1  -3  -4 -16   0
1  -3  -8 -20   0
1  -3 -14  17   0
1  -3 -15 -16   0
1  -3 -15  19   0
1  -3 -19  20   0
1  -3 -25  24   0
1  -3  23  25   0
1  -3  20  21   0
1  -3 -19  10   0
1  -3 -24  10   0
1  -3  10  12   0
1  -3 -13   8   0
1 -3 -8  7  0
1  -3   6  10   0
1  -4  -6 -22   0
1  -4  -8 -15   0
1  -4 -10 -11   0
1  -4 -14  18   0
1  -4  19  25   0
1  -4  14  16   0
1  -4 -21  11   0
1  -4 -10   7   0
1  -5  -8 -15   0
1  -5  -8  19   0
1  -5 -11 -20   0
1  -5 -12 -16   0
1  -5 -22 -24   0
1  -5 -24  20   0
1  -5 -23  17   0
1  -5 -21  14   0
1  -5  13  23   0
1  -5 -17  12   0
1  -5  10  13   0
1  -6 -10 -12   0
1  -6 -12  24   0
1  -6 -14 -23   0
1  -6 -14 -24   0
1  -6  16  25   0
1  -6  15  21   0
1  -6  11  21   0
1 -6 -9  8  0
1  -6   8  15   0
1  -7  -8  19   0
1  -7 -11 -20   0
1  -7 -13 -18   0
1  -7 -14 -20   0
1  -7 -17  22   0
1  -7  16  21   0
1  -7 -15  14   0
1  -7  11  19   0
1  -7   9  19   0
1  -8  -9 -18   0
1  -8  -9 -23   0
1  -8 -10 -22   0
1  -8 -10  11   0
1  -8 -15  19   0
1  -8 -17  24   0
1  -8 -21  24   0
1  -8  17  23   0
1  -8  16  18   0
1  -8 -15   9   0
1  -9 -18 -22   0
1 -10 -13 -16   0
1 -10 -13  19   0
1 -10 -17 -23   0
1 -10 -19 -25   0
1 -10  21  22   0
1 -10 -22  20   0
1 -10  20  24   0
1 -10 -20  14   0
1 -11 -14 -21   0
1 -11 -18 -21   0
1 -11  22  24   0
1 -11  19  20   0
1 -11  18  25   0
1 -11  13  20   0
1 -12 -15 -21   0
1 -12 -18 -22   0
1 -12 -21  15   0
1 -13 -15 -19   0
1 -13  22  25   0
1 -13  16  22   0
1 -14 -22  16   0
1 -15 -19  23   0
1 -15  18  23   0
1 -16 -24  20   0
1 -16  19  22   0
1 -17  21  24   0
1 -17  19  24   0
1 -20 -23  25   0
1 -22 -23  25   0
1  20  23  25   0
1 -23 -24  19   0
1  19  20  22   0
1  18  19  25   0
1 -20  17  22   0
1 -25  17  20   0
1  17  19  22   0
1 -16 -20  15   0
1 -18  15  16   0
1 -19 -22  14   0
1 -24  14  22   0
1  14  21  24   0
1 -14 -17  13   0
1 -19 -21  13   0
1 -20 -24  13   0
1 -20  13  18   0
1  13  16  19   0
1 -13 -23  12   0
1  12  17  22   0
1 -14  11  23   0
1  11  19  20   0
1  11  17  21   0
1 -17  11  13   0
1 -11 -22  10   0
1  10  17  25   0
1 -18  10  12   0
1 -13   9  16   0
1 -13   9  14   0
1 -20   9  16   0
1 -23   9  16   0
1 -22   9  14   0
1   9  14  16   0
1 -10 -17   8   0
1 -11 -18   8   0
1 -13   8  14   0
1 -17 -22   8   0
1 -23 -25   8   0
1   8  16  25   0
1   8  16  20   0
1 -24   8  15   0
1 -13 -14   7   0
1 -15   7  21   0
1 -15   7  18   0
1   7  10  20   0
1   7   9  14   0
1  -8   6  24   0
1  -8   6  15   0
1 -17   6  19   0
1 -20   6  17   0
1 -17   6  16   0
1   6  15  17   0
1 -11   6   9   0
1   6   9  11   0
1 -19   6   8   0
1 -11 -16   5   0
1 -13 -14   5   0
1 -24   5  20   0
1 -22   5  13   0
1   5  11  17   0
1 -14   5   8   0
1   5   7  21   0
1 -7 -9  4  0
1  -9 -16   4   0
1 -11   4  19   0
1 -14   4  17   0
1 -15   4  22   0
1   4  19  22   0
1   4  10  22   0
1   4  10  15   0
1 -21   4   7   0
1  -4 -15   3   0
1  -5 -11   3   0
1 -5  3  6  0
1 -6  3  8  0
1 -10   3  18   0
1 -13 -23   3   0
1 -19 -23   3   0
1 -22   3  20   0
1   3  13  18   0
1 -21   3   6   0
1 -17   3   5   0
1  -5 -22   2   0
1  -8 -18   2   0
1 -11 -19   2   0
1 -12 -22   2   0
1 -16   2  18   0
1 -24   2  21   0
1 -22   2  20   0
1 -22   2  17   0
1   2  13  23   0
1   2   8  10   0
1   2   7  17   0
1  2  6  7  0
1 -25   2   3   0
1  -2   1  20   0
1  -3 -18   1   0
1  -4   1  12   0
1  -6 -23   1   0
1 -10 -23   1   0
1 -14   1  23   0
1 -17 -20   1   0
1 -12   1   8   0
1   1   6  18   0
1   1   6  17   0
1 -22   1   2   0
1  1  2  9  0
