p wcnf 25 223 224
1  -1  -2  11   0
1 -1 -4 -9  0
1  -1  -4 -14   0
1  -1  -6 -25   0
1  -1  -7  19   0
1  -1  -8  16   0
1  -1  -9 -12   0
1  -1 -10  24   0
1  -1 -10  14   0
1  -1 -17 -25   0
1  -1 -19 -22   0
1  -1  13  17   0
1  -1   9  11   0
1  -1 -24   6   0
1  -1   6  24   0
1  -1   6  23   0
1  -1 -25   5   0
1  -1 -17   3   0
1  -1   3  22   0
1 -2 -5 -8  0
1  -2  -7 -20   0
1  -2  -7  25   0
1  -2  -7  17   0
1  -2 -13 -20   0
1  -2 -14 -15   0
1  -2 -25  19   0
1  -2   7  23   0
1  -2   7  22   0
1 -2  7  9  0
1  -2   5  15   0
1  -2   5  10   0
1  -2   4  24   0
1  -2   4  15   0
1  -3  -4 -16   0
1  -3  -6 -17   0
1  -3  -7 -15   0
1  -3  -7  18   0
1  -3  -8 -18   0
1  -3  -8  14   0
1  -3 -16  24   0
1  -3 -18  19   0
1  -3 -21  22   0
1  -3 -25  14   0
1  -3  14  22   0
1  -3   9  23   0
1  -3   7  24   0
1  -3   4  16   0
1  -4  -6 -17   0
1  -4  -6 -22   0
1  -4  -8 -10   0
1  -4 -10 -12   0
1  -4 -12 -13   0
1  -4 -12  15   0
1  -4 -13 -17   0
1  -4 -14  23   0
1  -4 -17  23   0
1  -4 -24  20   0
1  -4 -14  13   0
1  -4 -17  11   0
1  -4   9  11   0
1  -4   8  22   0
1  -4 -24   7   0
1  -5 -14 -18   0
1  -5 -25  21   0
1  -6  -7 -18   0
1  -6  -9 -10   0
1  -6 -10  20   0
1  -6 -13 -24   0
1  -6 -14  18   0
1  -6 -17  20   0
1  -6  20  24   0
1  -6  19  25   0
1  -6  18  20   0
1  -6   7  18   0
1  -7 -13 -16   0
1  -8  -9 -13   0
1  -8 -12 -22   0
1  -8 -14  24   0
1  -8 -20  15   0
1  -8 -25  11   0
1  -9 -10 -15   0
1  -9 -23  17   0
1  -9  17  25   0
1  -9 -22  14   0
1  -9 -13  11   0
1 -10 -14  21   0
1 -10 -17 -25   0
1 -10 -19  15   0
1 -10  14  16   0
1 -11 -12 -16   0
1 -11 -15  16   0
1 -11 -16  25   0
1 -11 -19  24   0
1 -11  16  22   0
1 -11 -24  14   0
1 -11 -14  13   0
1 -12 -13 -16   0
1 -12 -15 -19   0
1 -12 -17  18   0
1 -12 -19  21   0
1 -12  20  22   0
1 -12 -19  18   0
1 -12 -24  15   0
1 -13 -17 -21   0
1 -13 -17  20   0
1 -13  24  25   0
1 -13  19  21   0
1 -13 -17  15   0
1 -13  14  25   0
1 -14 -15 -20   0
1 -14 -19 -25   0
1 -15 -19  21   0
1 -15 -24  22   0
1 -15  19  20   0
1 -19  23  24   0
1 -20  24  25   0
1 -20  22  25   0
1 -20 -22  21   0
1 -21 -24  23   0
1 -22 -24  20   0
1  19  21  22   0
1 -21 -22  18   0
1 -22 -25  18   0
1 -20  17  25   0
1 -21  17  24   0
1  16  17  24   0
1 -19  15  25   0
1 -24  15  25   0
1  15  18  20   0
1 -15  14  19   0
1 -17  14  23   0
1  14  16  19   0
1 -14 -25  13   0
1  13  19  23   0
1 -20  13  15   0
1 -15  12  19   0
1 -19 -23  12   0
1  12  17  22   0
1  12  15  17   0
1  12  14  20   0
1 -14  11  17   0
1 -19  11  22   0
1 -11 -25  10   0
1 -16 -25  10   0
1 -23  10  17   0
1 -10 -17   9   0
1 -12   9  22   0
1 -17   9  25   0
1 -22 -24   9   0
1   9  15  22   0
1  -9   8  24   0
1  -9   8  19   0
1 -13   8  15   0
1 -15 -17   8   0
1 -15   8  16   0
1 -17   8  23   0
1 -20   8  21   0
1 -23   8  21   0
1   8  17  20   0
1 -19   8  14   0
1   8  12  13   0
1   8  11  17   0
1  -9 -12   7   0
1 -10 -18   7   0
1 -11 -18   7   0
1 -11 -19   7   0
1 -12   7  14   0
1 -20 -21   7   0
1   7  18  25   0
1 -9  7  8  0
1  -7 -20   6   0
1  -8 -17   6   0
1 -16 -20   6   0
1   6  15  20   0
1   6  10  22   0
1 -16   6   9   0
1 -6  5  9  0
1  -7 -18   5   0
1  -7   5  25   0
1 -13   5  16   0
1 -19 -20   5   0
1 -15   5  14   0
1   5  13  18   0
1 -12   5   8   0
1 -14 -18   4   0
1 -20   4  25   0
1   4  22  23   0
1 -20   4   8   0
1   4   6  16   0
1 -16   4   5   0
1  -6   3  10   0
1  -7 -12   3   0
1  -7   3  11   0
1  -8 -23   3   0
1 -10   3  14   0
1 -12   3  22   0
1 -13 -21   3   0
1   3  17  20   0
1   3  15  18   0
1 -18   3  10   0
1   3   8  22   0
1 -16   3   7   0
1 -20   3   6   0
1  -3 -12   2   0
1 -10 -15   2   0
1 -11 -17   2   0
1 -24   2  20   0
1 -12   2  11   0
1   2  11  21   0
1   2   6  22   0
1  -5   1  20   0
1  -7 -23   1   0
1  -9 -17   1   0
1 -14   1  24   0
1 -21 -25   1   0
1 -23   1  22   0
1 -24   1  20   0
1   1  17  25   0
1   1  14  19   0
1 -19   1  13   0
1   1  13  18   0
1 -7  1  4  0
1 -7  1  3  0
