p wcnf 25 224 225
1  -1  -5 -13   0
1  -1  -7  12   0
1  -1  -8 -22   0
1  -1  -8 -25   0
1  -1 -12 -20   0
1  -1 -15  23   0
1  -1 -19  23   0
1  -1 -22  20   0
1  -1  15  23   0
1 -1 -9  6  0
1  -1   4  15   0
1 -2 -5  7  0
1  -2  -6  14   0
1  -2 -25  23   0
1  -2  18  22   0
1  -2 -24  17   0
1  -2  15  24   0
1  -2 -14  12   0
1  -2 -24  11   0
1  -2 -25  11   0
1  -2 -22   8   0
1  -2   8  10   0
1  -2   7  13   0
1  -2   6  15   0
1 -3 -4 -6  0
1  -3  -4  22   0
1  -3  -6  10   0
1  -3  -7 -12   0
1  -3  -7 -17   0
1  -3  -7  11   0
1  -3 -10 -17   0
1  -3 -12 -24   0
1  -3 -14 -22   0
1  -3 -18  19   0
1  -3 -19 -24   0
1  -3 -21 -25   0
1  -3 -21  17   0
1  -3 -18  13   0
1  -3 -12   6   0
1  -3 -23   4   0
1  -3   4  22   0
1 -4 -5 -6  0
1  -4  -5  23   0
1 -4 -5  6  0
1  -4  -6 -11   0
1  -4  -6  21   0
1  -4 -10 -22   0
1  -4 -11 -24   0
1  -4 -14 -18   0
1  -4 -15 -16   0
1  -5 -17 -24   0
1  -5 -11   6   0
1  -6  -8  15   0
1  -6 -10 -18   0
1  -6 -11  22   0
1  -6 -14 -19   0
1  -6 -16 -18   0
1  -6  10  23   0
1  -6 -20   8   0
1  -6 -21   8   0
1  -7  -8  18   0
1  -7 -13 -24   0
1  -7 -19 -21   0
1  -7 -17  15   0
1  -7   9  21   0
1  -7   8  23   0
1  -8 -11 -18   0
1  -8 -13  16   0
1  -8 -20 -23   0
1  -8 -22 -24   0
1  -8 -24  15   0
1  -9 -14  21   0
1  -9 -16  20   0
1  -9 -21  22   0
1  -9  15  25   0
1  -9  13  22   0
1  -9 -24  12   0
1 -10 -12  19   0
1 -10  14  24   0
1 -10  12  25   0
1 -11 -18 -23   0
1 -11 -24  25   0
1 -11 -22  12   0
1 -11  12  13   0
1 -12 -13 -20   0
1 -12 -17 -20   0
1 -12  20  25   0
1 -12 -20  16   0
1 -13 -18  24   0
1 -13 -19  24   0
1 -13  21  25   0
1 -13 -20  15   0
1 -14 -16  17   0
1 -14 -19 -25   0
1 -14  15  18   0
1 -15 -18 -23   0
1 -15 -21 -25   0
1 -15 -25  24   0
1 -15  20  22   0
1 -16 -19  22   0
1 -16  18  22   0
1 -17 -25  21   0
1 -17  19  23   0
1 -17 -19  18   0
1 -18 -20  21   0
1 -21  18  23   0
1 -18  17  21   0
1  17  21  25   0
1 -18 -22  16   0
1  16  20  23   0
1 -22  16  19   0
1  16  18  20   0
1 -22 -23  15   0
1 -25  15  19   0
1 -16 -21  14   0
1 -16 -22  14   0
1 -17 -25  13   0
1 -21  13  23   0
1  13  22  23   0
1  13  14  20   0
1 -16 -17  12   0
1 -17 -19  12   0
1  12  18  22   0
1  11  20  24   0
1  11  12  21   0
1 -11 -17  10   0
1 -11 -20  10   0
1 -15 -21  10   0
1 -23  10  21   0
1  10  15  18   0
1 -19  10  14   0
1 -14  10  13   0
1 -10 -22   9   0
1 -14 -17   9   0
1 -17   9  20   0
1 -24   9  19   0
1   9  19  25   0
1   9  17  25   0
1 -19   9  14   0
1   9  14  17   0
1 -17   9  11   0
1  -9 -21   8   0
1 -12   8  18   0
1 -14   8  15   0
1 -15   8  23   0
1 -14   8   9   0
1  -9 -22   7   0
1 -10   7  19   0
1 -12   7  17   0
1 -12   7  15   0
1 -13   7  23   0
1 -18   7  21   0
1 -19   7  22   0
1 -20   7  21   0
1 -23   7  16   0
1 -16   7  12   0
1 -12   7  10   0
1  -7   6  19   0
1  -8   6  23   0
1  -9   6  23   0
1 -11   6  13   0
1 -15 -20   6   0
1 -17 -20   6   0
1 -21   6  24   0
1 -22   6  21   0
1 -25   6  19   0
1 -19   6  18   0
1   6  17  25   0
1 -21   6  12   0
1 -20   6   8   0
1 -6  5  8  0
1  -7 -15   5   0
1  -5   4  19   0
1 -7 -8  4  0
1 -10 -21   4   0
1 -13 -24   4   0
1 -13   4  24   0
1   4  13  21   0
1 -24   4  12   0
1 -17   4  10   0
1 -20   4  10   0
1  -5 -23   3   0
1  -7   3  22   0
1 -10 -17   3   0
1 -16   3  25   0
1 -19   3  22   0
1 -21   3  25   0
1   3  18  19   0
1   3  11  19   0
1   3  11  17   0
1 -20   3   9   0
1 -13   3   6   0
1   3   5  21   0
1   3   4  17   0
1  -3 -19   2   0
1 -4 -9  2  0
1  -5 -14   2   0
1  -6   2  11   0
1  -7   2  17   0
1  -8 -24   2   0
1  -8   2  21   0
1  -9 -21   2   0
1 -21 -22   2   0
1 -22 -23   2   0
1   2  24  25   0
1 -19   2  17   0
1 -24   2   9   0
1 -18   2   8   0
1   2   8  17   0
1   2   3  13   0
1  -2 -17   1   0
1 -2  1  9  0
1 -5 -9  1  0
1  -7 -10   1   0
1  -7 -24   1   0
1 -14 -25   1   0
1   1  18  23   0
1   1  15  18   0
1   1   9  17   0
1  1  7  8  0
1   1   6  11   0
1 -5  1  3  0
1 -21   1   3   0
1 -23   1   2   0
