p wcnf 25 225 226
1  -1  -2 -19   0
1 -1 -3 -5  0
1  -1  -6 -22   0
1  -1  -9 -16   0
1  -1 -12  17   0
1  -1 -13  25   0
1  -1 -13  10   0
1  -1 -16  10   0
1  -1 -14   8   0
1  -1   2  10   0
1  -2  -3 -10   0
1  -2  -5  18   0
1  -2  -6  23   0
1  -2 -16 -20   0
1  -2 -17 -22   0
1  -2 -24  19   0
1  -2 -19  13   0
1  -2  10  14   0
1  -2 -14   9   0
1  -2   8  15   0
1 -2  7  9  0
1 -2 -6  4  0
1 -2 -8  4  0
1  -2   4  24   0
1 -2  4  5  0
1  -2 -19   3   0
1  -3  -8 -13   0
1  -3 -10  14   0
1  -3 -13 -23   0
1  -3 -22 -24   0
1  -3 -22  17   0
1  -3 -16  15   0
1  -3  14  17   0
1  -3 -17  13   0
1  -3 -22  12   0
1  -3  12  15   0
1  -3  10  22   0
1  -3   7  11   0
1  -4  -6  17   0
1  -4  -8  25   0
1  -4 -10  13   0
1  -4 -13  18   0
1  -4 -13  14   0
1  -4 -15 -21   0
1  -4 -21  24   0
1  -4 -21  17   0
1  -4 -23  17   0
1  -4  13  16   0
1  -4  11  24   0
1  -4   9  24   0
1  -4   7  10   0
1  -5  -6 -11   0
1  -5 -10  11   0
1  -5 -14 -19   0
1  -5  11  22   0
1  -5 -12   9   0
1  -6  -9  12   0
1  -6 -10  18   0
1  -6 -13  20   0
1  -6 -16  23   0
1  -6 -19 -23   0
1  -6 -21 -24   0
1  -6 -23 -25   0
1  -6 -13  12   0
1  -6 -20   9   0
1  -6 -11   8   0
1  -6 -21   8   0
1  -7  -8  10   0
1  -7 -13  19   0
1  -7 -14 -16   0
1  -7 -16  25   0
1  -7 -23  21   0
1  -7  18  25   0
1  -7  17  23   0
1  -7  15  24   0
1  -8 -10 -21   0
1  -8 -11 -24   0
1  -8 -19  22   0
1  -8 -24  21   0
1  -8  18  20   0
1  -8  17  19   0
1  -8 -16  11   0
1  -9 -10 -22   0
1  -9 -12  22   0
1  -9 -12  18   0
1  -9 -22  25   0
1  -9 -21  18   0
1  -9  14  25   0
1  -9 -16  12   0
1 -10 -11  18   0
1 -10  16  22   0
1 -10 -15  13   0
1 -11 -15 -22   0
1 -11 -17  24   0
1 -11 -20  16   0
1 -11  16  24   0
1 -11 -17  12   0
1 -12 -14 -20   0
1 -12 -15 -18   0
1 -12 -23  18   0
1 -12 -21  15   0
1 -13 -21  20   0
1 -13  19  23   0
1 -14 -18  20   0
1 -15 -17  20   0
1 -15 -20  16   0
1 -15 -24  16   0
1 -16 -19  22   0
1 -20 -22  23   0
1 -21 -23  24   0
1 -22 -24  21   0
1 -20 -21  19   0
1 -21  19  20   0
1  18  21  22   0
1 -20 -25  17   0
1 -20  16  21   0
1 -16 -22  15   0
1 -16  15  22   0
1  15  16  20   0
1 -16 -17  14   0
1 -16  14  23   0
1  14  15  19   0
1 -14  13  25   0
1 -22  13  23   0
1  13  21  23   0
1 -17  13  15   0
1 -13  12  23   0
1 -16 -22  12   0
1 -15  11  18   0
1 -18 -20  11   0
1 -18  11  20   0
1 -21  11  15   0
1  11  12  19   0
1 -15  10  19   0
1 -19  10  20   0
1 -18  10  15   0
1 -12   9  13   0
1 -16 -17   9   0
1 -15   9  12   0
1 -23   9  10   0
1  -9 -12   8   0
1 -10   8  13   0
1 -13 -17   8   0
1   8  10  14   0
1   8   9  17   0
1  -8 -16   7   0
1 -13 -16   7   0
1 -17   7  11   0
1   7   8  21   0
1 -13 -22   6   0
1 -13   6  16   0
1 -19 -24   6   0
1   6  23  24   0
1   6  15  24   0
1 -19   6  10   0
1 -18   6   9   0
1   6   8  15   0
1  -7 -23   5   0
1  -7   5  14   0
1 -11 -21   5   0
1 -13 -19   5   0
1 -13 -24   5   0
1 -14   5  16   0
1 -19 -22   5   0
1 -25   5  21   0
1 -24   5  20   0
1   5  18  20   0
1  5  6  8  0
1  -5 -12   4   0
1  -7 -12   4   0
1  -8   4  20   0
1 -11 -23   4   0
1 -15   4  20   0
1   4  20  21   0
1 -23   4  14   0
1   4   5  23   0
1  -6 -11   3   0
1  -8 -22   3   0
1  -8   3  24   0
1  -9 -15   3   0
1 -10 -20   3   0
1 -17   3  25   0
1 -25   3  24   0
1   3  18  22   0
1 -19   3  17   0
1   3  12  17   0
1 -17   3  11   0
1 -14   3   9   0
1 -16   3   8   0
1 -21   3   6   0
1   3   5  21   0
1 -23   3   4   0
1   3   4  23   0
1 -4 -6  2  0
1  -4   2  23   0
1  -5   2  18   0
1 -13   2  21   0
1 -15   2  19   0
1 -17   2  14   0
1   2  14  24   0
1 -18   2  13   0
1 -24   2  10   0
1 -16   2   6   0
1   2   6  10   0
1  2  5  6  0
1 -13   2   4   0
1  -3   1  19   0
1  -4 -10   1   0
1  -4 -18   1   0
1  -6 -11   1   0
1  -8 -11   1   0
1  -9   1  23   0
1 -23 -25   1   0
1 -20   1  19   0
1 -23   1  17   0
1   1  17  20   0
1   1  16  22   0
1   1  15  23   0
1   1  13  23   0
1 -17   1  12   0
1 -14   1   7   0
1   1   6  19   0
1 -20   1   5   0
1 -19   1   4   0
1 -3  1  2  0
