p wcnf 25 224 225
1  -1  -2  18   0
1  -1  -3  25   0
1 -1 -4  9  0
1  -1  -5  24   0
1  -1  -8 -20   0
1  -1  -8  23   0
1  -1  -9  22   0
1  -1 -10 -14   0
1  -1 -14 -24   0
1  -1 -15 -16   0
1  -1 -24  25   0
1  -1 -23  20   0
1  -1 -23  10   0
1  -1 -22   7   0
1  -1   7  12   0
1 -1 -6  2  0
1 -2 -4  7  0
1 -2 -6 -7  0
1 -2 -7  8  0
1  -2  -8 -12   0
1  -2  -9  23   0
1  -2 -11 -24   0
1  -2  13  23   0
1 -2 -9  7  0
1  -2   5  17   0
1 -2 -6  3  0
1  -3  -4  14   0
1  -3  -6  13   0
1  -3  -8  15   0
1  -3 -12 -19   0
1  -3 -14  24   0
1  -3 -15 -17   0
1  -3 -16 -18   0
1  -3  22  23   0
1  -3 -22  19   0
1  -3 -25  15   0
1  -3 -25  12   0
1  -3 -15  10   0
1  -3  10  19   0
1  -3  10  15   0
1  -3 -18   8   0
1  -3 -21   8   0
1  -3 -14   6   0
1  -3   5  14   0
1 -4 -5  7  0
1  -4  -7  11   0
1 -4 -8 -9  0
1  -4  -8  11   0
1  -4  -9  16   0
1  -4  -9  13   0
1  -4 -13  25   0
1  -4 -18  20   0
1  -4  22  24   0
1  -4  13  16   0
1  -4 -23  11   0
1  -4  10  15   0
1  -4   9  13   0
1  -4   7  14   0
1  -5  -6 -25   0
1  -5  -9 -21   0
1  -5 -15 -24   0
1  -5 -18 -22   0
1  -5   8  22   0
1  -5 -11   7   0
1  -6  -8  12   0
1  -6 -11  20   0
1  -6 -18  25   0
1  -6  16  17   0
1  -6  15  17   0
1  -6 -15  13   0
1  -7 -10 -18   0
1  -7 -10  25   0
1  -7 -15 -23   0
1  -7 -15 -24   0
1  -7 -22  23   0
1  -7  18  23   0
1  -7  15  16   0
1  -7 -24  14   0
1  -7 -19  13   0
1  -7 -23  11   0
1  -8 -15  18   0
1  -8 -24  22   0
1  -9 -11  12   0
1  -9 -12  18   0
1  -9 -12  13   0
1  -9 -19  20   0
1  -9  11  14   0
1  -9  10  22   0
1 -10 -13  21   0
1 -10 -23  22   0
1 -10  17  20   0
1 -10 -20  16   0
1 -10 -17  15   0
1 -10 -17  13   0
1 -11 -12 -14   0
1 -11 -13 -15   0
1 -11 -13  16   0
1 -11 -14  19   0
1 -11 -25  19   0
1 -11  17  25   0
1 -12 -13 -18   0
1 -12 -14 -18   0
1 -12 -15 -22   0
1 -12 -19 -21   0
1 -12 -25  21   0
1 -13 -15  25   0
1 -14 -18 -21   0
1 -14 -18  19   0
1 -14 -24  15   0
1 -15 -25  19   0
1 -15 -25  17   0
1 -15  16  24   0
1 -16  17  18   0
1 -17 -19 -21   0
1 -17 -22  25   0
1 -18 -19 -24   0
1 -19  20  23   0
1 -20  21  24   0
1  20  22  24   0
1 -23  20  21   0
1 -23  19  24   0
1  19  24  25   0
1  19  21  24   0
1 -21  18  19   0
1 -19 -21  17   0
1  16  22  24   0
1  15  20  24   0
1 -15  14  18   0
1  14  20  25   0
1 -22  14  15   0
1 -24  14  15   0
1  13  16  22   0
1 -22 -24  12   0
1 -25  12  22   0
1 -25  12  19   0
1 -14 -23  11   0
1  11  21  25   0
1 -24  11  19   0
1 -22  11  17   0
1  11  16  17   0
1 -13 -22  10   0
1 -15 -20  10   0
1 -11 -15   9   0
1 -13   9  20   0
1 -18 -21   9   0
1 -25   9  13   0
1  -9 -16   8   0
1  -9 -22   8   0
1 -10 -20   8   0
1 -10   8  13   0
1 -19 -20   8   0
1 -23 -24   8   0
1 -22   8  21   0
1 -19   8  18   0
1   8  16  23   0
1   8  14  15   0
1   8  12  24   0
1   8   9  23   0
1   8   9  19   0
1 -10 -18   7   0
1 -13   7  17   0
1 -14   7  19   0
1 -18   7  25   0
1 -23 -25   7   0
1 -25   7  17   0
1   7  16  19   0
1   7  13  24   0
1 -16   7   9   0
1   7   9  14   0
1 -14 -23   6   0
1 -24   6  25   0
1 -21   6  19   0
1 -16   6  15   0
1   6  11  25   0
1 -10 -11   5   0
1 -11   5  17   0
1 -20   5  13   0
1 -16   5  10   0
1   5   8  11   0
1 -8  5  7  0
1 -5  4  9  0
1  -8   4  12   0
1 -10   4  19   0
1 -13 -24   4   0
1 -13 -25   4   0
1 -13   4  24   0
1 -13   4  15   0
1 -23 -24   4   0
1 -21   4  18   0
1 -15   4  12   0
1   4   7  24   0
1 -11   4   6   0
1  -4   3  11   0
1 -12 -24   3   0
1 -15   3  24   0
1 -17   3  24   0
1 -25   3  18   0
1   3  12  18   0
1 -18   3   9   0
1 -16   3   7   0
1 -10 -11   2   0
1 -10 -13   2   0
1 -11 -17   2   0
1   2  19  21   0
1 -18   2  17   0
1 -22   2  15   0
1   2  15  21   0
1 -15   2  13   0
1   2   9  14   0
1 -11   2   7   0
1 -21   2   5   0
1   2   5  20   0
1  -2 -18   1   0
1  -2   1  22   0
1  -4 -12   1   0
1  -7 -19   1   0
1  -8 -23   1   0
1 -12 -22   1   0
1 -14 -20   1   0
1 -17   1  18   0
1   1  17  24   0
1 -20   1   7   0
1 -8  1  5  0
1  1  3  6  0
