p wcnf 25 224 225
1  -1  -2  18   0
1  -1 -10  13   0
1  -1 -13 -14   0
1  -1 -18 -20   0
1  -1 -21  14   0
1  -1 -14  13   0
1  -1   9  12   0
1  -1 -20   8   0
1  -1   7  15   0
1 -1  3  9  0
1  -2  -5 -12   0
1  -2  -7 -19   0
1  -2 -19  25   0
1  -2 -20  11   0
1  -2 -17  10   0
1  -2  10  11   0
1  -2 -24   8   0
1  -2   8  16   0
1  -2   6  18   0
1  -2 -17   5   0
1  -2 -24   4   0
1  -2 -15   3   0
1  -3  -4 -25   0
1 -3 -7  8  0
1  -3  -9  19   0
1  -3 -10  18   0
1  -3 -14 -18   0
1  -3 -16 -21   0
1  -3 -23  21   0
1  -3 -20  19   0
1  -3 -18  17   0
1  -3 -17  15   0
1  -3 -16  13   0
1  -3 -14  11   0
1  -3   8  24   0
1  -3 -21   7   0
1 -3  6  9  0
1  -4  -7  13   0
1  -4 -16 -25   0
1  -4 -16  24   0
1  -4  12  20   0
1  -4 -17  10   0
1  -4 -23  10   0
1  -4   8  19   0
1  -4 -10   6   0
1  -4   6  11   0
1 -5 -7 -8  0
1  -5 -25  23   0
1  -5 -21  19   0
1  -5  16  17   0
1  -5 -17  15   0
1  -5 -19  12   0
1  -5  12  14   0
1  -5 -14  10   0
1  -5 -24   8   0
1  -5 -10   7   0
1  -5 -13   7   0
1  -5   7  13   0
1  -6  -7 -22   0
1  -6 -14 -17   0
1  -6 -17  21   0
1  -6 -20  25   0
1  -6  17  20   0
1  -6  11  13   0
1  -6   7  14   0
1  -7  -8  12   0
1  -7  -9 -24   0
1  -7 -22  16   0
1  -7   9  12   0
1  -8  -9  22   0
1  -8  -9  18   0
1  -8 -13 -25   0
1  -8 -15  25   0
1  -8 -22 -25   0
1  -8 -25  17   0
1  -8 -12  10   0
1  -9 -13 -14   0
1  -9  17  23   0
1  -9 -18  13   0
1  -9 -19  13   0
1  -9  13  18   0
1  -9  12  23   0
1 -10 -13 -21   0
1 -10 -21  15   0
1 -10  12  16   0
1 -10  11  17   0
1 -11 -12  15   0
1 -11 -16 -24   0
1 -11 -16  12   0
1 -12 -23  25   0
1 -12 -21  17   0
1 -12 -22  16   0
1 -14 -15 -19   0
1 -14 -20  25   0
1 -14 -22 -23   0
1 -14  23  25   0
1 -14 -20  16   0
1 -15 -23 -25   0
1 -16 -21  24   0
1 -16  22  23   0
1 -17 -18  22   0
1 -17 -24  20   0
1 -17 -19  18   0
1 -17  18  21   0
1  18  22  25   0
1 -25  17  23   0
1 -19 -20  16   0
1 -20 -23  16   0
1  16  20  24   0
1 -16  14  25   0
1 -20  14  16   0
1  14  15  20   0
1  13  14  15   0
1 -14 -17  12   0
1 -14  12  22   0
1 -17 -19  12   0
1 -18 -21  12   0
1 -18 -23  12   0
1 -21  12  25   0
1 -21  12  22   0
1  12  16  19   0
1 -16  12  13   0
1 -14 -18  11   0
1 -17 -20  11   0
1 -19 -21  11   0
1  11  12  16   0
1 -18 -19  10   0
1  10  12  13   0
1 -18  10  11   0
1 -20  10  11   0
1 -12 -23   9   0
1 -14 -21   9   0
1   9  19  21   0
1 -25   9  18   0
1 -19   9  17   0
1 -22   9  15   0
1 -22   9  13   0
1 -13   8  20   0
1 -14   8  23   0
1 -15   8  23   0
1 -19   8  23   0
1 -19   8  21   0
1   8  16  22   0
1 -20   8  11   0
1   8  10  13   0
1   8  10  11   0
1 -10   8   9   0
1 -10   7  21   0
1 -12 -23   7   0
1 -17 -23   7   0
1 -19   7  15   0
1 -23   7  13   0
1   7  10  19   0
1   7   9  20   0
1 -16   6  25   0
1 -25   6  22   0
1   6  20  24   0
1 -20   6  18   0
1   6   9  22   0
1  -7 -25   5   0
1  -9   5  21   0
1 -11   5  25   0
1 -19   5  20   0
1 -23   5  25   0
1 -22   5  16   0
1   5  14  18   0
1  5  7  9  0
1 -18   5   6   0
1  5  6  9  0
1 -6  4  9  0
1  -7 -12   4   0
1  -9   4  23   0
1 -12 -21   4   0
1 -12   4  15   0
1 -13 -19   4   0
1 -16 -22   4   0
1   4  11  16   0
1 -15   4   8   0
1 -23   4   8   0
1 -15   4   6   0
1  -4   3  13   0
1  -7   3  25   0
1 -11 -15   3   0
1 -12 -14   3   0
1 -15 -16   3   0
1 -17   3  25   0
1 -20 -21   3   0
1 -21   3  23   0
1   3  17  18   0
1 -15   3  10   0
1 -9  3  6  0
1 -21   3   6   0
1 -8  3  5  0
1 -15   3   5   0
1   3   5  14   0
1  -4 -13   2   0
1  -5 -11   2   0
1  -5   2  22   0
1  -6   2  17   0
1  -8   2  19   0
1  -9   2  12   0
1 -11   2  24   0
1 -16 -17   2   0
1 -16 -18   2   0
1 -19   2  20   0
1 -22   2  20   0
1 -24   2  20   0
1 -18   2  13   0
1   2  13  21   0
1 -19   2  12   0
1   2  12  17   0
1   2   9  16   0
1 -24   2   7   0
1 -8  2  6  0
1  -2   1  20   0
1  -4   1  13   0
1  -6 -10   1   0
1 -10   1  25   0
1 -23   1  15   0
1   1  14  17   0
1 -22   1   8   0
1 -24   1   6   0
1 -23   1   4   0
1   1   3  22   0
